	38.115066	78.279021	24.974374	25.338615	21.864016	51.932296	49.571883	42.770025
	37.430021	77.172739	24.596942	25.144017	21.449583	51.586297	49.412471	42.406002
	37.917076	77.172739	24.643595	25.095761	21.449583	50.739517	49.412471	42.892619
	37.526539	77.172739	24.643595	25.095761	21.486723	51.414878	49.412471	42.526721
	37.526539	77.172739	24.596942	24.951924	21.486723	51.758766	49.096439	42.406002
	37.430021	77.172739	24.643595	25.192429	21.449583	50.739517	49.893542	42.526721
	37.526539	76.095568	24.596942	25.241000	21.375617	50.739517	49.893542	42.526721
	37.720909	76.451462	24.737349	25.289728	21.412547	50.739517	49.893542	43.015849
	37.526539	77.906953	24.550437	24.999715	21.523970	51.586297	49.096439	42.526721
	37.720909	76.810505	24.596942	25.095761	21.449583	50.906828	49.412471	43.015849
	38.314904	78.654455	24.879107	25.486237	21.902344	51.758766	49.893542	43.264232
	37.526539	77.906953	24.596942	25.047660	21.561322	51.586297	49.096439	42.406002
	37.818766	77.906953	24.550437	25.144017	21.598781	51.244500	49.571883	42.526721
	37.526539	76.451462	24.643595	25.289728	21.375617	50.739517	49.893542	42.526721
	37.333943	77.172739	24.596942	25.144017	21.486723	51.758766	49.571883	42.285898
	37.720909	78.279021	24.504079	25.095761	21.561322	51.244500	49.571883	42.770025
	37.623501	77.172739	24.643595	24.999715	21.486723	51.586297	49.096439	42.526721
	37.623501	78.279021	24.504079	25.095761	21.598781	51.244500	49.253992	42.770025
	37.526539	76.451462	24.737349	25.241000	21.375617	51.075153	49.893542	42.526721
	37.430021	78.279021	24.596942	24.951924	21.561322	51.414878	49.253992	42.285898
	37.720909	77.172739	24.974374	25.387661	21.636347	51.758766	49.893542	43.015849
	37.333943	77.172739	24.737349	25.095761	21.486723	51.244500	49.571883	42.406002
	37.526539	77.906953	24.596942	24.999715	21.561322	51.414878	49.253992	42.526721
	37.333943	76.451462	24.690397	25.144017	21.486723	51.244500	49.571883	42.648060
	37.526539	76.810505	24.643595	25.192429	21.412547	50.906828	50.219036	42.526721
	37.720909	78.279021	24.504079	25.144017	21.561322	51.244500	49.571883	43.015849
	37.333943	77.538208	24.737349	25.144017	21.486723	51.244500	49.571883	42.648060
	37.430021	76.451462	24.737349	25.144017	21.449583	51.244500	49.571883	42.406002
	37.526539	77.172739	24.550437	25.192429	21.523970	51.758766	49.571883	42.406002
	37.818766	78.279021	24.550437	25.047660	21.636347	51.414878	49.253992	42.648060
	37.526539	77.906953	24.504079	25.047660	21.636347	51.244500	49.253992	42.648060
	37.430021	76.451462	24.643595	25.289728	21.486723	51.244500	50.055805	42.770025
	37.526539	78.654455	24.596942	25.047660	21.674020	51.932296	48.629254	42.166406
	37.818766	77.538208	24.690397	24.809469	21.486723	49.756416	46.552165	42.406002
	37.430021	78.279021	24.690397	24.027396	21.265449	48.041768	42.604124	41.117710
	37.720909	77.172739	24.784450	23.370970	20.485140	44.651423	39.966242	40.555132
	37.818766	76.095568	25.118431	22.341145	19.304692	42.502163	36.937680	38.741564
	37.238302	73.689111	24.690397	20.877331	17.458330	39.768150	34.293739	36.323909
	37.238302	72.056151	24.550437	19.887615	15.807058	38.214605	32.634263	34.408579
	37.720909	70.184213	24.550437	18.971640	14.247536	36.304551	31.390884	32.892779
	37.720909	68.986168	24.365884	18.178128	12.925280	35.324763	30.294001	30.861568
	37.623501	66.979320	24.320109	17.383034	11.849477	34.307949	29.387505	29.287501
	37.623501	65.078886	24.274478	16.790685	10.977022	33.578609	28.707548	27.846874
	37.333943	62.287949	24.411804	16.348818	10.264470	32.876042	28.288794	26.576401
	37.143095	61.565113	24.365884	15.901697	9.816738	32.421818	27.880409	25.352299
	37.430021	60.165252	24.183645	15.606560	9.459971	31.760705	27.594841	24.541636
	37.333943	59.487269	24.138442	15.168659	9.203695	31.978444	27.148202	23.642187
	37.623501	59.043099	24.003678	14.914868	9.027708	31.403496	26.983880	22.837507
	37.048320	57.746724	24.003678	14.749246	8.886088	31.403496	26.929483	22.116222
	37.333943	57.326237	24.003678	14.526030	8.816368	31.262565	26.713748	21.580825
	37.048320	56.299386	24.048459	14.446125	8.718001	30.915003	26.875272	21.247787
	37.048320	56.098082	23.870167	14.327506	8.718001	30.983977	26.660273	20.746181
	37.143095	55.699434	23.914532	14.210347	8.698499	30.846295	26.713748	20.468161
	37.143095	54.917619	23.870167	14.133040	8.698499	30.777852	26.713748	20.129064
	37.048320	55.111169	23.825939	14.056362	8.737560	30.709672	26.660273	19.897082
	37.048320	54.917619	23.781847	14.037290	8.767005	30.846295	26.767405	19.766457
	37.333943	55.111169	23.476984	13.942509	8.826285	30.846295	26.606980	19.573101
	37.143095	54.155785	23.650387	13.961388	8.816368	30.846295	26.929483	19.445885
	37.526539	55.111169	23.959036	14.171615	9.079005	31.262565	27.203355	19.605114
	37.333943	55.111169	23.433964	13.904864	8.997113	30.983977	26.767405	19.226437
	37.623501	54.917619	23.694072	14.075473	9.172312	31.474377	27.038466	19.445885
	37.238302	54.725317	23.348317	13.904864	9.099631	31.122729	26.875272	19.133605
	38.015842	55.305980	23.563420	14.152308	9.362768	31.545537	27.369967	19.414289
	37.720909	54.725317	23.476984	14.094623	9.373502	31.616977	27.369967	19.226437
	37.238302	54.344412	23.220819	13.942509	9.298704	31.474377	27.038466	18.980474
	37.526539	54.725317	23.391075	14.229774	9.503605	31.474377	27.765578	19.319996
	37.238302	53.968359	23.263189	14.113812	9.416604	31.474377	27.594841	19.102820
	37.430021	54.534252	23.010880	14.056362	9.514555	31.545537	27.482011	19.195413
	36.953973	54.534252	23.178577	14.094623	9.591685	31.616977	27.594841	19.041490
	36.953973	54.155785	23.136463	14.133040	9.636135	31.688699	27.651554	19.164469
	37.238302	55.111169	22.886425	14.152308	9.771162	31.760705	27.594841	19.195413
	37.333943	54.725317	22.845188	14.210347	9.816738	31.905576	27.765578	19.288729
	36.953973	54.155785	23.010880	14.249240	9.862602	31.978444	27.880409	19.226437
	36.953973	54.155785	22.927786	14.268746	9.955205	31.832997	27.938130	19.319996
	37.333943	54.725317	22.804074	14.327506	10.037204	31.978444	27.996055	19.351345
	36.860051	54.917619	22.804074	14.347174	10.108223	32.051603	28.054187	19.382776
	37.333943	55.305980	22.640839	14.386631	10.203986	32.125054	27.996055	19.477564
	37.048320	54.725317	22.681466	14.466039	10.252334	31.978444	28.407363	19.477564
	37.333943	55.111169	22.559946	14.466039	10.325446	32.272840	28.288794	19.541171
	37.238302	54.917619	22.519679	14.466039	10.386922	32.347179	28.347972	19.669396
	37.048320	54.917619	22.640839	14.566232	10.448902	32.198799	28.526787	19.669396
	37.048320	54.917619	22.845188	14.667479	10.587068	32.572001	28.526787	19.798983
	36.953973	55.699434	22.399587	14.546110	10.625189	32.647549	28.347972	19.669396
	37.238302	55.898102	22.681466	14.708276	10.792597	32.876042	28.707548	19.864296
	36.860051	55.305980	22.640839	14.708276	10.766604	32.647549	28.768239	19.897082
	36.953973	55.111169	22.399587	14.647145	10.779590	32.876042	28.586823	19.864296
	36.766553	54.917619	22.479530	14.728740	10.805626	32.647549	28.951643	19.929957
	36.953973	56.098082	22.359792	14.708276	10.923882	32.876042	28.768239	19.962919
	36.766553	55.111169	22.399587	14.811025	10.923882	32.799567	28.829151	20.029110
	37.048320	56.098082	22.241104	14.831706	11.030524	32.723404	28.890286	20.095656
	37.143095	55.898102	22.201772	14.873199	11.070891	32.799567	28.951643	20.129064
	36.860051	56.098082	22.280551	14.852430	11.152249	33.029930	28.890286	20.095656
	36.860051	55.699434	22.201772	14.852430	11.165890	33.029930	28.890286	20.129064
	36.860051	55.699434	22.162555	14.998742	11.206956	32.723404	29.261825	20.365463
	36.766553	56.299386	22.162555	14.935770	11.303607	33.185084	29.013226	20.229830
	36.673473	55.305980	22.201772	14.977706	11.248234	32.952828	29.199332	20.365463
	37.048320	55.699434	22.006825	15.019822	11.345389	33.107348	29.199332	20.399603
	36.860051	56.299386	22.084464	14.998742	11.429612	33.263140	29.075034	20.399603
	37.048320	56.299386	22.006825	15.062119	11.443735	33.185084	29.261825	20.468161
	36.766553	55.699434	22.006825	15.040948	11.457883	33.263140	29.137069	20.399603
	36.766553	56.502027	21.929634	15.083336	11.528996	33.107348	29.137069	20.537095
	37.430021	56.502027	22.280551	15.363355	11.716854	33.263140	29.705812	20.994536
	36.953973	56.299386	21.891206	15.190105	11.629613	33.263140	29.450694	20.676102
	36.673473	56.299386	21.814682	15.125906	11.629613	33.185084	29.261825	20.676102
	37.333943	56.299386	22.045588	15.407140	11.775534	33.578609	29.770188	21.030412
	36.673473	55.898102	21.891206	15.211598	11.644088	33.107348	29.514119	20.816648
	36.488563	55.305980	21.929634	15.276354	11.673117	33.341519	29.705812	20.781366
	36.673473	55.699434	21.891206	15.341534	11.687670	33.420222	29.641676	20.781366
	36.396726	56.098082	21.891206	15.298034	11.760825	33.341519	29.577779	20.746181
	36.396726	56.098082	21.891206	15.298034	11.775534	33.420222	29.641676	20.816648
	36.488563	55.898102	21.776585	15.341534	11.805032	33.578609	29.641676	20.816648
	36.860051	56.706019	21.700718	15.363355	11.864345	33.420222	29.705812	21.030412
	36.673473	55.699434	21.814682	15.407140	11.819820	33.499251	29.834806	20.958760
	36.673473	55.699434	21.814682	15.429104	11.849477	33.420222	29.899666	20.958760
	36.396726	55.898102	21.814682	15.451116	11.879241	33.499251	29.899666	21.030412
	36.580811	56.706019	21.662947	15.363355	11.954120	33.658297	29.641676	21.066388
	36.766553	56.502027	21.550281	15.407140	11.984261	33.499251	29.641676	21.066388
	36.766553	56.502027	21.776585	15.539649	12.075343	33.980396	30.030120	21.174921
	36.580811	56.706019	21.700718	15.451116	12.090620	33.899365	29.834806	21.102464
	36.673473	56.299386	21.512939	15.451116	12.014511	33.658297	29.899666	21.138642
	36.214276	56.299386	21.700718	15.495285	12.044872	33.578609	29.899666	21.102464
	36.488563	56.502027	21.625284	15.561903	12.060094	33.499251	29.899666	21.284374
	36.673473	56.299386	21.475703	15.517443	12.075343	33.658297	29.964770	21.211303
	36.488563	56.098082	21.625284	15.584207	12.060094	33.738318	30.095716	21.247787
	36.488563	56.502027	21.550281	15.584207	12.090620	33.499251	30.095716	21.357858
	36.396726	56.502027	21.475703	15.517443	12.136619	33.899365	29.834806	21.247787
	36.488563	57.118111	21.512939	15.517443	12.198344	33.980396	29.964770	21.247787
	36.396726	55.898102	21.475703	15.628962	12.121258	33.578609	30.161561	21.357858
	36.766553	56.502027	21.662947	15.809976	12.291785	33.818673	30.427452	21.506080
	36.580811	56.502027	21.550281	15.651414	12.260524	33.980396	30.161561	21.394756
	36.123657	56.098082	21.550281	15.606560	12.182870	33.738318	30.095716	21.321064
	36.766553	56.502027	21.438573	15.719068	12.307459	33.738318	30.294001	21.543399
	36.305298	56.502027	21.401548	15.673916	12.244936	33.578609	30.227656	21.543399
	36.396726	56.299386	21.512939	15.719068	12.244936	33.818673	30.360600	21.431758
	36.305298	56.706019	21.401548	15.719068	12.291785	33.658297	30.360600	21.431758
	36.396726	56.502027	21.364628	15.673916	12.307459	33.818673	30.227656	21.468866
	36.214276	57.118111	21.254492	15.628962	12.370446	33.899365	30.030120	21.506080
	36.305298	56.706019	21.327812	15.628962	12.323162	34.143482	30.095716	21.431758
	36.305298	56.502027	21.291101	15.651414	12.354656	34.143482	30.095716	21.431758
	36.580811	57.326237	21.254492	15.651414	12.402114	33.980396	30.161561	21.543399
	36.305298	56.299386	21.291101	15.787173	12.338894	33.738318	30.494559	21.543399
	36.033438	56.706019	21.254492	15.741719	12.386266	34.225542	30.294001	21.506080
	36.123657	56.706019	21.364628	15.741719	12.402114	33.980396	30.360600	21.580825
	36.033438	56.706019	21.327812	15.741719	12.417993	33.980396	30.360600	21.618357
	36.123657	56.706019	21.291101	15.832830	12.449838	34.143482	30.427452	21.618357
	37.048320	57.746724	21.438573	16.017509	12.692509	34.390706	30.833980	22.038405
	36.580811	56.911376	21.625284	16.064199	12.627128	34.473815	30.971589	21.961038
	36.396726	57.118111	21.291101	15.832830	12.529973	34.473815	30.494559	21.655997
	36.580811	56.706019	21.401548	16.040827	12.594621	34.225542	30.902651	21.999666
	36.123657	56.502027	21.145283	15.809976	12.497829	34.225542	30.494559	21.580825
	36.396726	57.326237	21.327812	15.901697	12.627128	34.557278	30.561924	21.769566
	36.396726	56.706019	21.109083	15.855734	12.497829	34.143482	30.561924	21.807640
	36.033438	56.911376	21.254492	15.878690	12.513886	34.143482	30.561924	21.693745
	36.214276	56.911376	21.181583	15.809976	12.529973	34.390706	30.494559	21.693745
	36.396726	57.535770	21.036988	15.878690	12.594621	34.225542	30.629547	21.731601
	35.943618	56.502027	21.217986	15.878690	12.529973	34.225542	30.629547	21.769566
	36.305298	57.746724	21.036988	15.855734	12.610859	34.225542	30.427452	21.769566
	35.943618	57.118111	21.109083	15.901697	12.594621	34.473815	30.629547	21.731601
	36.305298	57.118111	21.001092	15.901697	12.610859	34.225542	30.697429	21.884118
	36.033438	56.706019	21.145283	15.971028	12.562236	34.307949	30.833980	21.807640
	36.123657	57.535770	20.965295	15.855734	12.659757	34.473815	30.561924	21.807640
	36.033438	56.911376	21.036988	15.994242	12.627128	34.061767	30.697429	21.922523
	36.488563	57.326237	21.181583	16.087623	12.741869	34.390706	30.902651	22.116222
	36.305298	57.535770	20.965295	15.947866	12.676117	34.307949	30.697429	21.845824
	36.123657	57.118111	21.036988	15.924756	12.659757	34.557278	30.697429	21.807640
	36.033438	57.118111	21.001092	16.040827	12.659757	34.143482	30.902651	21.961038
	36.305298	57.118111	20.894000	15.971028	12.692509	34.225542	30.765573	21.884118
	36.305298	57.535770	20.894000	15.994242	12.741869	34.307949	30.833980	21.845824
	35.854192	56.706019	21.072985	15.994242	12.659757	34.390706	30.902651	21.884118
	35.854192	56.706019	21.072985	16.017509	12.692509	34.390706	30.902651	21.845824
	36.033438	57.326237	21.001092	16.064199	12.725385	34.307949	31.110267	22.038405
	36.033438	57.326237	20.965295	16.017509	12.725385	34.641098	30.902651	21.845824
	35.765160	57.535770	20.965295	16.017509	12.741869	34.641098	30.902651	21.845824
	36.305298	57.535770	21.181583	16.276934	12.908447	34.473815	31.180012	22.312761
	36.305298	58.172950	21.109083	16.158213	12.925280	34.725276	31.040793	22.155301
	35.943618	57.535770	20.965295	16.087623	12.741869	34.307949	31.040793	22.038405
	35.854192	57.326237	21.036988	16.040827	12.774932	34.473815	30.902651	21.999666
	35.943618	57.326237	20.929598	16.111099	12.791511	34.390706	31.110267	22.077257
	36.123657	57.118111	20.965295	16.040827	12.774932	34.473815	30.971589	22.077257
	35.943618	57.326237	20.929598	16.134629	12.808121	34.473815	31.180012	21.999666
	36.214276	58.172950	20.823100	16.064199	12.841436	34.557278	30.971589	21.999666
	35.943618	57.959112	20.929598	16.040827	12.841436	34.809815	30.833980	22.038405
	36.214276	57.959112	20.823100	16.064199	12.858141	34.809815	30.833980	22.038405
	35.765160	57.118111	21.001092	16.087623	12.774932	34.641098	31.040793	21.961038
	35.765160	57.118111	21.001092	16.087623	12.791511	34.641098	31.180012	22.077257
	36.123657	57.535770	20.823100	16.087623	12.808121	34.641098	31.110267	22.194494
	35.765160	57.118111	20.965295	16.087623	12.791511	34.641098	31.040793	22.116222
	35.943618	57.535770	20.894000	16.040827	12.841436	34.894718	31.040793	22.077257
	35.854192	57.118111	20.965295	16.158213	12.824763	34.725276	31.320319	22.077257
	36.123657	58.172950	20.787797	16.111099	12.891647	34.725276	31.180012	22.077257
	35.765160	57.118111	20.965295	16.205540	12.808121	34.641098	31.390884	22.077257
	36.396726	57.959112	20.929598	16.276934	12.975973	34.979986	31.461727	22.273223
	35.854192	57.746724	20.858501	16.205540	12.874878	34.557278	31.250028	22.194494
	35.943618	57.326237	20.965295	16.205540	12.858141	34.725276	31.461727	22.233801
	36.123657	57.535770	20.787797	16.158213	12.891647	34.894718	31.320319	22.233801
	35.943618	57.746724	20.858501	16.158213	12.908447	35.065622	31.390884	22.077257
	36.123657	58.172950	20.752591	16.111099	12.959043	34.894718	31.250028	22.116222
	35.588262	57.326237	20.965295	16.205540	12.891647	34.894718	31.390884	22.077257
	35.854192	57.746724	20.894000	16.253082	12.891647	34.725276	31.675934	22.312761
	35.765160	57.959112	20.858501	16.158213	12.942146	35.151629	31.250028	22.077257
	35.854192	58.388252	20.752591	16.158213	12.992935	35.151629	31.320319	22.116222
	36.214276	57.746724	21.181583	16.494074	13.095397	35.499409	31.965523	22.512202
	35.765160	58.388252	20.752591	16.181849	13.009930	35.238009	31.320319	22.155301
	35.765160	57.959112	20.823100	16.300841	12.975973	34.725276	31.747902	22.312761
	35.943618	58.388252	20.717483	16.181849	13.026958	35.065622	31.320319	22.233801
	35.765160	58.823312	20.858501	16.181849	13.026958	35.324763	31.390884	22.273223
	35.854192	58.605034	20.823100	16.229284	13.044018	35.411896	31.390884	22.155301
	35.588262	57.746724	20.929598	16.276934	13.026958	35.065622	31.532849	22.312761
	35.854192	58.172950	20.858501	16.276934	13.026958	35.499409	31.604251	22.194494
	35.943618	57.959112	20.787797	16.324802	13.026958	34.979986	31.675934	22.352415
	36.033438	58.388252	21.001092	16.518479	13.164367	35.151629	31.965523	22.633287
	35.854192	58.172950	20.823100	16.348818	13.061112	35.151629	31.747902	22.432073
	35.676517	58.172950	20.894000	16.324802	13.061112	35.238009	31.747902	22.312761
	35.765160	58.172950	20.823100	16.276934	13.061112	35.499409	31.747902	22.233801
	35.500392	57.746724	20.894000	16.397015	13.044018	35.238009	31.892694	22.312761
	35.500392	57.959112	20.894000	16.348818	13.044018	35.324763	31.820155	22.392186
	36.033438	58.388252	20.752591	16.372889	13.095397	35.324763	31.820155	22.392186
	35.943618	59.043099	20.752591	16.372889	13.147075	35.324763	31.892694	22.392186
	35.765160	58.388252	20.823100	16.372889	13.112590	35.675585	31.747902	22.352415
	35.765160	58.172950	20.787797	16.469726	13.095397	35.151629	32.112053	22.472079
	35.943618	59.043099	20.752591	16.421197	13.199053	35.499409	31.965523	22.472079
	35.500392	58.172950	20.894000	16.469726	13.095397	35.499409	32.185758	22.432073
	35.676517	58.388252	20.787797	16.372889	13.129816	35.675585	32.038642	22.352415
	35.765160	57.959112	20.787797	16.494074	13.112590	35.238009	32.259759	22.432073
	35.943618	58.605034	20.717483	16.445434	13.164367	35.587304	32.112053	22.472079
	35.765160	58.605034	20.823100	16.469726	13.164367	35.411896	32.112053	22.592806
	35.676517	58.823312	20.894000	16.542940	13.233874	35.853312	32.185758	22.432073
	36.214276	59.937672	20.965295	16.666094	13.410029	36.213502	32.334058	22.673888
	35.854192	58.388252	20.858501	16.592031	13.216446	35.499409	32.483554	22.552444
	36.033438	58.605034	21.109083	16.765651	13.339153	35.853312	32.786198	22.878717
	36.033438	59.043099	21.001092	16.641349	13.410029	36.213502	32.408655	22.673888
	35.943618	59.264413	20.717483	16.542940	13.286359	35.675585	32.334058	22.552444
	35.500392	58.823312	20.929598	16.567457	13.268830	35.853312	32.334058	22.592806
	35.500392	58.605034	20.752591	16.542940	13.233874	35.853312	32.259759	22.472079
	35.676517	59.043099	20.787797	16.616662	13.251335	35.587304	32.483554	22.673888
	35.500392	58.388252	20.858501	16.567457	13.216446	35.853312	32.334058	22.552444
	35.676517	59.043099	20.787797	16.616662	13.268830	35.587304	32.334058	22.673888
	35.854192	58.823312	20.717483	16.592031	13.268830	35.853312	32.408655	22.755453
	35.943618	59.711683	20.682472	16.616662	13.321521	35.942763	32.483554	22.755453
	35.500392	58.823312	20.858501	16.616662	13.268830	35.853312	32.634263	22.633287
	35.943618	59.711683	20.717483	16.666094	13.356820	36.032610	32.483554	22.633287
	35.854192	59.711683	20.717483	16.641349	13.356820	35.942763	32.558756	22.633287
	35.854192	59.043099	20.787797	16.641349	13.321521	35.764253	32.634263	22.755453
	35.676517	59.711683	20.752591	16.567457	13.374522	36.304551	32.334058	22.673888
	35.676517	58.605034	20.894000	16.715757	13.303923	35.853312	32.710076	22.755453
	35.500392	58.605034	20.858501	16.740675	13.321521	36.032610	32.862630	22.714610
	35.500392	59.264413	20.894000	16.690897	13.374522	36.032610	32.634263	22.592806
	35.412904	58.823312	20.858501	16.690897	13.339153	36.122856	32.710076	22.633287
	35.412904	59.487269	20.787797	16.715757	13.356820	36.213502	32.710076	22.633287
	35.854192	59.264413	20.787797	16.715757	13.392258	36.032610	32.710076	22.837507
	35.854192	59.487269	20.823100	16.715757	13.392258	36.122856	32.710076	22.755453
	35.854192	59.711683	20.717483	16.740675	13.410029	36.304551	32.710076	22.878717
	36.305298	59.937672	21.072985	16.993081	13.626039	36.580147	33.171501	23.128596
	36.123657	60.625254	21.001092	16.967574	13.680849	36.580147	33.093808	23.128596
	36.033438	60.394440	20.823100	16.891409	13.589680	36.487871	33.016433	22.961510
	35.588262	60.165252	20.823100	16.715757	13.481465	36.487871	32.634263	22.837507
	35.943618	60.857711	21.001092	16.916738	13.662542	36.765945	33.016433	23.044801
	35.854192	59.711683	20.787797	16.815778	13.445677	36.396007	32.939375	22.961510
	35.500392	59.043099	20.894000	16.840929	13.445677	36.396007	32.939375	22.796419
	35.676517	59.711683	20.752591	16.815778	13.463553	36.396007	32.939375	22.920052
	35.588262	59.937672	20.823100	16.840929	13.481465	36.672837	33.016433	22.796419
	35.588262	59.487269	20.929598	16.916738	13.445677	36.580147	33.171501	22.878717
	35.854192	59.711683	20.752591	16.891409	13.517394	36.580147	33.093808	22.920052
	35.588262	60.394440	20.823100	16.790685	13.553465	36.765945	32.939375	22.878717
	35.588262	59.264413	20.894000	16.967574	13.481465	36.396007	33.249515	23.044801
	35.588262	60.625254	20.752591	16.815778	13.571555	36.765945	33.016433	22.837507
	35.588262	59.937672	20.823100	16.967574	13.517394	36.396007	33.327850	23.044801
	36.123657	59.937672	21.145283	17.225383	13.735987	36.859473	33.885384	23.212898
	35.412904	59.937672	20.929598	16.916738	13.535412	36.672837	33.171501	23.003093
	35.765160	59.937672	20.752591	16.916738	13.535412	36.672837	33.171501	23.128596
	35.676517	60.857711	20.823100	16.942126	13.626039	36.953423	33.093808	22.961510
	35.325796	59.937672	20.823100	16.942126	13.589680	36.953423	33.249515	22.920052
	35.588262	60.625254	20.858501	16.916738	13.626039	36.953423	33.171501	22.961510
	35.588262	60.165252	20.858501	16.916738	13.571555	37.142604	33.327850	22.961510
	35.500392	59.937672	20.965295	16.993081	13.571555	36.765945	33.564808	23.128596
	35.588262	59.711683	20.929598	17.044278	13.553465	36.859473	33.564808	23.044801
	35.588262	59.937672	20.965295	17.044278	13.571555	36.859473	33.564808	23.086635
	35.588262	60.165252	20.858501	16.942126	13.626039	37.047799	33.327850	23.086635
	35.588262	60.394440	20.858501	16.967574	13.626039	37.237841	33.327850	23.003093
	36.123657	61.327622	21.072985	17.251502	13.884654	37.333512	33.804738	23.468896
	35.500392	59.937672	20.858501	17.095716	13.589680	36.765945	33.644452	23.212898
	35.588262	61.091827	20.858501	16.967574	13.680849	37.142604	33.406509	23.044801
	36.033438	60.857711	21.181583	17.330233	13.884654	37.720601	34.047695	23.297712
	35.588262	60.625254	20.894000	17.173331	13.680849	36.859473	33.644452	23.340313
	35.500392	59.937672	20.965295	17.095716	13.626039	36.859473	33.804738	23.170683
	36.214276	61.091827	21.072985	17.330233	13.865940	37.526169	34.129364	23.598665
	35.765160	60.625254	20.823100	17.095716	13.717571	37.142604	33.644452	23.297712
	35.765160	61.091827	20.787797	17.095716	13.735987	37.142604	33.724428	23.297712
	35.588262	61.091827	20.894000	17.044278	13.735987	37.333512	33.485494	23.212898
	35.500392	59.937672	20.965295	17.199326	13.662542	37.142604	33.966370	23.212898
	35.943618	60.857711	21.001092	17.225383	13.791458	37.142604	33.966370	23.468896
	35.765160	61.565113	20.823100	17.173331	13.772931	37.429620	33.885384	23.383043
	35.854192	60.857711	20.858501	17.225383	13.772931	37.333512	33.966370	23.340313
	35.325796	59.937672	21.001092	17.251502	13.699192	37.237841	34.047695	23.297712
	35.765160	60.857711	20.823100	17.199326	13.754441	37.333512	34.047695	23.340313
	35.676517	61.565113	20.858501	17.147398	13.810022	37.429620	33.804738	23.383043
	35.325796	61.091827	20.929598	17.251502	13.772931	37.720601	34.047695	23.212898
	35.588262	60.625254	21.036988	17.330233	13.735987	37.429620	34.293739	23.340313
	35.500392	61.804319	20.858501	17.173331	13.847263	37.720601	33.885384	23.297712
	35.588262	60.625254	21.001092	17.330233	13.754441	37.526169	34.376449	23.383043
