	57.256074	77.172739	22.559946	23.243268	17.405197	48.498598	48.784078	33.675617
	57.675408	76.451462	22.559946	23.328273	17.325974	48.345445	49.096439	33.836113
	56.637540	76.451462	22.640839	23.370970	17.352318	48.652639	49.096439	33.437363
	57.256074	76.095568	22.640839	23.328273	17.299692	47.891230	49.096439	33.916866
	57.048515	76.095568	22.640839	23.328273	17.325974	47.891230	49.096439	33.836113
	57.465034	77.172739	22.600333	23.370970	17.405197	48.345445	49.096439	33.675617
	57.465034	77.538208	23.052615	23.761176	17.673442	48.963411	49.732237	34.243289
	57.048515	76.451462	22.804074	23.543066	17.458330	48.498598	49.412471	33.836113
	57.048515	77.172739	22.681466	23.285706	17.405197	48.652639	48.629254	33.755698
	57.465034	77.172739	22.559946	23.370970	17.378726	48.345445	49.096439	33.675617
	57.256074	77.172739	22.600333	23.243268	17.352318	48.193171	48.939804	33.755698
	57.048515	76.451462	22.927786	23.499844	17.511720	48.652639	49.412471	33.836113
	57.465034	77.172739	22.559946	23.328273	17.405197	48.345445	49.096439	33.675617
	57.256074	75.742782	22.640839	23.456755	17.299692	48.041768	49.571883	33.755698
	57.256074	75.742782	22.681466	23.499844	17.273473	48.041768	49.412471	33.755698
	56.842341	75.393063	22.763083	23.413797	17.299692	48.498598	49.096439	33.755698
	57.675408	77.172739	22.600333	23.285706	17.431732	48.345445	48.784078	33.755698
	57.256074	75.742782	22.722214	23.499844	17.299692	48.041768	49.571883	33.916866
	56.637540	75.742782	22.804074	23.413797	17.299692	48.345445	49.096439	33.755698
	56.434097	75.393063	22.804074	23.456755	17.273473	48.345445	49.412471	33.675617
	57.887211	76.451462	22.681466	23.499844	17.431732	48.345445	49.096439	33.916866
	57.887211	77.538208	22.722214	23.543066	17.511720	48.652639	48.939804	33.836113
	57.465034	76.095568	23.178577	23.805202	17.646325	49.120159	50.219036	34.243289
	57.256074	76.095568	22.722214	23.543066	17.352318	48.041768	49.571883	33.997958
	57.256074	75.393063	22.681466	23.499844	17.273473	47.891230	49.571883	33.916866
	57.675408	76.095568	22.681466	23.370970	17.378726	48.041768	49.096439	33.916866
	57.048515	75.742782	22.804074	23.499844	17.299692	48.498598	49.412471	33.755698
	57.256074	77.172739	22.600333	23.285706	17.431732	48.807574	48.784078	33.595869
	56.637540	75.393063	22.804074	23.413797	17.299692	48.193171	49.096439	33.516452
	57.048515	76.451462	22.681466	23.285706	17.378726	48.652639	48.784078	33.595869
	57.465034	76.451462	22.722214	23.413797	17.378726	48.498598	49.253992	33.836113
	56.842341	76.451462	22.804074	23.456755	17.431732	48.963411	49.253992	33.675617
	57.675408	77.906953	22.804074	23.413797	17.484993	48.652639	47.718810	33.836113
	57.048515	76.810505	22.845188	23.116723	17.299692	47.005744	45.300247	33.437363
	57.048515	77.172739	22.804074	22.222621	17.091674	44.651423	41.076100	32.289136
	56.434097	75.046372	22.886425	21.421182	16.249789	40.980852	38.098447	31.208029
	56.434097	73.689111	22.722214	20.458288	15.081003	38.618170	35.660591	29.861171
	57.465034	71.737689	23.010880	19.887615	13.941025	36.396007	34.376449	29.038605
	58.100457	71.108628	22.969270	18.971640	12.610859	34.725276	32.558756	27.675338
	56.842341	68.112494	22.600333	17.981012	11.206956	33.107348	31.180012	26.003202
	57.256074	66.979320	22.399587	17.199326	10.216044	32.272840	29.964770	24.681501
	56.637540	64.294917	22.519679	16.715757	9.341348	31.474377	29.577779	23.512020
	56.637540	63.528368	22.320113	16.229284	8.737560	30.709672	29.013226	22.633287
	56.637540	62.778665	22.241104	15.696467	8.283354	30.574095	28.347972	21.618357
	56.231999	61.091827	22.162555	15.385223	7.910389	29.976628	28.112525	20.852028
	56.231999	59.711683	22.201772	15.104598	7.640300	29.653366	27.822892	20.196151
	56.637540	58.605034	22.045588	14.914868	7.437210	29.210794	27.765578	19.701664
	56.434097	57.535770	21.929634	14.687856	7.295076	29.024592	27.594841	19.195413
	56.637540	58.172950	22.320113	14.749246	7.389459	29.462286	27.822892	18.980474
	57.465034	57.326237	21.852889	14.426253	7.232968	29.024592	27.482011	18.532666
	56.434097	56.911376	21.700718	14.152308	7.148613	28.901590	27.093239	18.158044
	56.231999	56.098082	21.738597	14.094623	7.118233	28.779481	27.203355	17.877993
	56.231999	55.305980	21.700718	14.037290	7.118233	28.718759	27.258699	17.767885
	57.256074	55.898102	21.401548	13.980306	7.179149	28.718759	27.258699	17.550860
	56.031233	54.917619	21.550281	13.923668	7.171500	28.658256	27.369967	17.443912
	56.231999	55.111169	21.401548	13.886099	7.225250	28.779481	27.258699	17.285403
	56.637540	54.917619	21.327812	13.904864	7.256183	28.537906	27.425891	17.337987
	57.048515	55.305980	21.181583	13.867372	7.342082	28.718759	27.369967	17.285403
	57.048515	55.111169	21.109083	13.830030	7.389459	28.779481	27.482011	17.155036
	57.256074	54.917619	21.475703	14.094623	7.574575	29.024592	27.996055	17.417335
	56.031233	54.155785	21.254492	13.904864	7.541975	28.962979	27.651554	17.233070
	56.031233	54.344412	21.036988	13.830030	7.574575	28.962979	27.594841	17.077556
	56.434097	54.344412	20.965295	13.792838	7.640300	29.086432	27.538328	17.077556
	56.637540	54.344412	20.894000	13.886099	7.698388	28.840424	27.880409	17.206997
	56.231999	54.344412	20.858501	13.904864	7.757027	28.840424	27.938130	17.206997
	57.048515	54.534252	20.823100	13.886099	7.850302	29.024592	27.938130	17.155036
	56.842341	54.917619	20.682472	13.923668	7.936318	29.086432	27.938130	17.206997
	56.637540	54.155785	20.647556	13.923668	7.988495	29.148499	28.054187	17.285403
	56.231999	54.344412	20.682472	13.904864	8.067575	29.336076	27.938130	17.206997
	57.048515	55.305980	20.858501	14.190961	8.329230	29.653366	28.407363	17.604722
	56.231999	54.534252	20.647556	14.056362	8.201588	29.148499	28.288794	17.390822
	56.637540	54.344412	20.508851	14.037290	8.283354	29.336076	28.347972	17.417335
	55.831785	53.968359	20.682472	14.133040	8.366164	29.525743	28.466968	17.524026
	56.637540	54.917619	20.647556	14.229774	8.506553	29.846596	28.647076	17.604722
	56.434097	54.344412	20.405814	14.094623	8.450037	29.462286	28.466968	17.550860
	55.436795	53.968359	20.405814	14.171615	8.497100	29.462286	28.647076	17.524026
	56.637540	54.344412	20.235944	14.152308	8.573105	29.525743	28.586823	17.658846
	56.434097	54.917619	20.235944	14.190961	8.659665	29.589436	28.526787	17.658846
	56.231999	54.917619	20.269734	14.171615	8.708243	29.781945	28.586823	17.631751
	55.436795	54.344412	20.337589	14.229774	8.747361	29.717535	28.768239	17.658846
	55.633644	53.968359	20.269734	14.268746	8.776849	29.717535	28.768239	17.767885
	56.434097	54.917619	20.068358	14.307879	8.866095	29.717535	28.829151	17.822805
	56.031233	54.534252	20.135121	14.366882	8.886088	29.589436	29.075034	17.933453
	56.031233	55.111169	20.035111	14.288292	8.966654	29.976628	28.768239	17.905689
	55.633644	54.534252	20.068358	14.327506	8.997113	29.976628	28.829151	17.850365
	55.436795	54.344412	20.135121	14.426253	9.017495	29.846596	29.199332	17.961285
	55.633644	54.534252	20.001953	14.446125	9.079005	29.717535	29.075034	18.073302
	55.436795	54.155785	20.068358	14.426253	9.099631	29.911490	29.324549	18.073302
	55.831785	55.111169	19.968883	14.406421	9.182757	30.107643	29.013226	18.073302
	55.633644	54.155785	19.935902	14.526030	9.172312	29.846596	29.387505	18.101479
	55.633644	55.111169	19.837486	14.446125	9.266891	30.173522	29.137069	18.073302
	55.046926	54.155785	19.968883	14.526030	9.245762	30.042012	29.450694	18.186431
	55.436795	54.155785	19.837486	14.586397	9.266891	29.911490	29.450694	18.186431
	56.637540	55.111169	20.168638	14.831706	9.525523	30.506695	29.770188	18.503413
	55.436795	54.344412	19.870204	14.647145	9.341348	30.107643	29.577779	18.272019
	54.853881	54.344412	19.837486	14.606604	9.352050	30.107643	29.387505	18.272019
	55.633644	55.305980	19.675196	14.586397	9.449104	30.372665	29.387505	18.243419
	55.831785	55.111169	19.642995	14.566232	9.470854	30.173522	29.387505	18.300690
	54.853881	54.917619	19.837486	14.687856	9.514555	30.372665	29.641676	18.416096
	55.831785	54.725317	19.675196	14.687856	9.514555	30.173522	29.641676	18.445129
	55.436795	55.305980	19.610879	14.647145	9.547509	30.439552	29.514119	18.358249
	54.853881	54.917619	19.642995	14.728740	9.547509	30.506695	29.705812	18.387136
	55.046926	54.344412	19.610879	14.769796	9.558527	30.239651	29.834806	18.474234
	55.831785	54.917619	19.610879	14.728740	9.613875	30.372665	29.770188	18.474234
	55.241227	55.305980	19.515038	14.708276	9.658465	30.439552	29.705812	18.503413
	54.662080	54.344412	19.610879	14.790389	9.613875	30.439552	29.834806	18.532666
	55.436795	55.305980	19.451563	14.790389	9.703332	30.439552	29.770188	18.561992
	54.662080	54.534252	19.578848	14.811025	9.703332	30.439552	29.899666	18.591392
	55.046926	54.725317	19.483259	14.769796	9.725872	30.641753	29.770188	18.503413
	55.046926	55.305980	19.451563	14.790389	9.771162	30.709672	29.770188	18.532666
	55.633644	54.917619	19.388419	14.852430	9.748481	30.574095	29.964770	18.739517
	55.436795	54.917619	19.451563	14.852430	9.771162	30.306032	30.030120	18.680041
	54.471510	54.534252	19.483259	14.873199	9.771162	30.574095	30.095716	18.650417
	55.436795	55.111169	19.356971	14.852430	9.793914	30.574095	30.030120	18.680041
	54.853881	54.917619	19.388419	14.914868	9.816738	30.506695	30.030120	18.739517
	54.853881	54.917619	19.388419	14.894011	9.828177	30.439552	30.095716	18.799295
	54.471510	54.534252	19.419950	14.956716	9.805317	30.709672	30.294001	18.739517
	55.831785	55.502064	19.515038	15.104598	10.013682	30.983977	30.427452	18.980474
	54.662080	55.111169	19.356971	14.894011	9.874114	30.915003	30.030120	18.739517
	54.853881	55.699434	19.325605	14.873199	9.920341	30.915003	30.095716	18.769368
	55.046926	54.725317	19.294321	15.019822	9.885643	30.709672	30.427452	18.799295
	55.241227	55.699434	19.231996	14.977706	9.955205	30.777852	30.294001	18.799295
	54.853881	54.725317	19.294321	15.040948	9.897191	30.777852	30.494559	18.889537
	54.662080	54.917619	19.294321	15.040948	9.920341	30.709672	30.561924	18.859379
	55.046926	55.111169	19.200954	14.998742	9.955205	30.846295	30.360600	18.859379
	55.831785	56.299386	19.451563	15.276354	10.191948	31.332893	30.833980	19.226437
	55.436795	56.098082	19.325605	15.147259	10.096339	31.122729	30.561924	19.102820
	54.662080	54.917619	19.294321	15.104598	9.978540	30.915003	30.629547	18.889537
	55.241227	55.305980	19.169993	15.062119	10.013682	30.983977	30.494559	19.041490
	54.662080	55.305980	19.231996	15.125906	10.025434	30.846295	30.765573	19.010943
	55.436795	55.305980	19.108312	15.083336	10.048993	31.053218	30.561924	18.980474
	54.662080	55.305980	19.200954	15.040948	10.060801	31.262565	30.494559	18.980474
	55.046926	56.098082	19.108312	15.104598	10.084474	31.122729	30.561924	19.010943
	55.046926	55.898102	19.108312	15.125906	10.108223	31.122729	30.765573	19.010943
	54.471510	55.502064	19.169993	15.190105	10.084474	31.053218	30.902651	19.041490
	54.662080	55.305980	19.356971	15.276354	10.143990	31.122729	31.040793	19.133605
	54.471510	54.917619	19.169993	15.211598	10.084474	31.122729	30.971589	19.010943
	54.471510	55.502064	19.388419	15.298034	10.216044	31.474377	31.110267	19.226437
	54.471510	55.898102	19.016385	15.104598	10.167930	31.262565	30.629547	19.041490
	54.094017	55.305980	19.231996	15.190105	10.120126	31.262565	30.833980	19.072116
	54.853881	56.098082	19.046948	15.233136	10.191948	31.262565	30.902651	19.041490
	54.471510	55.699434	19.108312	15.254722	10.155950	31.122729	31.110267	19.133605
	54.282160	55.699434	19.108312	15.276354	10.179929	31.122729	31.110267	19.164469
	54.471510	55.699434	19.139113	15.168659	10.191948	31.474377	30.902651	19.010943
	54.094017	55.898102	19.169993	15.233136	10.216044	31.403496	30.971589	19.041490
	54.282160	55.502064	19.139113	15.298034	10.191948	31.474377	31.180012	19.133605
	54.282160	55.898102	19.388419	15.451116	10.362271	31.688699	31.461727	19.319996
	54.662080	56.098082	19.451563	15.539649	10.411653	31.832997	31.532849	19.477564
	55.046926	56.911376	19.231996	15.407140	10.424049	31.978444	31.320319	19.319996
	54.471510	55.699434	19.139113	15.407140	10.276625	31.403496	31.461727	19.226437
	53.721311	55.502064	19.108312	15.298034	10.252334	31.545537	31.180012	19.195413
	54.282160	55.699434	19.046948	15.363355	10.276625	31.332893	31.390884	19.288729
	53.721311	55.502064	19.108312	15.319760	10.252334	31.545537	31.390884	19.226437
	54.853881	56.502027	18.985900	15.363355	10.337701	31.616977	31.390884	19.226437
	54.471510	56.502027	19.016385	15.298034	10.325446	31.760705	31.250028	19.226437
	54.662080	56.706019	19.016385	15.385223	10.362271	31.688699	31.390884	19.351345
	54.662080	56.502027	18.985900	15.363355	10.362271	31.688699	31.390884	19.288729
	54.282160	55.699434	19.108312	15.451116	10.313211	31.545537	31.604251	19.351345
	54.282160	56.299386	19.046948	15.473176	10.349976	31.616977	31.747902	19.351345
	54.282160	55.699434	19.108312	15.495285	10.349976	31.760705	31.747902	19.319996
	54.471510	56.299386	19.046948	15.451116	10.374586	31.616977	31.461727	19.382776
	54.282160	56.911376	19.077590	15.429104	10.436465	31.978444	31.461727	19.351345
	54.853881	56.911376	19.325605	15.651414	10.587068	32.421818	31.892694	19.541171
	54.853881	57.118111	19.108312	15.606560	10.536536	32.125054	31.675934	19.509326
	54.662080	56.706019	18.955493	15.495285	10.448902	31.978444	31.747902	19.382776
	53.536724	55.898102	19.108312	15.473176	10.411653	31.978444	31.820155	19.382776
	54.094017	56.299386	19.016385	15.451116	10.461360	32.125054	31.532849	19.319996
	54.471510	56.911376	18.955493	15.539649	10.486336	31.978444	31.820155	19.414289
	53.536724	56.098082	19.108312	15.606560	10.436465	32.125054	31.965523	19.477564
	53.721311	56.706019	19.016385	15.539649	10.486336	32.272840	31.892694	19.382776
	53.721311	56.299386	19.077590	15.584207	10.511394	32.125054	31.892694	19.477564
	54.094017	56.299386	19.108312	15.651414	10.473837	32.272840	32.112053	19.509326
	54.662080	56.706019	19.046948	15.606560	10.523954	32.125054	31.965523	19.605114
	53.907072	57.326237	18.955493	15.561903	10.561760	32.198799	31.892694	19.509326
	54.471510	56.911376	19.016385	15.628962	10.549137	32.051603	32.112053	19.605114
	55.241227	57.959112	19.263118	15.901697	10.779590	32.723404	32.558756	19.897082
	53.536724	56.911376	19.077590	15.651414	10.561760	32.272840	32.112053	19.477564
	53.907072	57.118111	19.108312	15.787173	10.625189	32.347179	32.483554	19.766457
	54.094017	57.118111	19.077590	15.673916	10.612461	32.647549	32.185758	19.573101
	54.471510	56.911376	19.016385	15.696467	10.599754	32.421818	32.259759	19.605114
	53.536724	56.502027	19.077590	15.696467	10.574404	32.496758	32.259759	19.605114
	53.353300	56.911376	19.046948	15.719068	10.612461	32.647549	32.259759	19.573101
	53.536724	57.118111	19.016385	15.741719	10.625189	32.496758	32.334058	19.669396
	54.094017	57.746724	18.955493	15.696467	10.663499	32.799567	32.259759	19.605114
	53.907072	57.118111	19.046948	15.719068	10.650708	32.723404	32.259759	19.605114
	53.353300	56.706019	19.108312	15.764421	10.625189	32.572001	32.483554	19.605114
	54.662080	57.746724	19.356971	16.017509	10.871102	33.263140	32.939375	19.962919
	54.471510	57.535770	19.108312	15.878690	10.714879	32.647549	32.634263	19.864296
	54.094017	57.535770	19.046948	15.878690	10.702002	32.647549	32.786198	19.864296
	54.094017	57.535770	19.046948	15.901697	10.714879	32.572001	32.786198	19.864296
	53.907072	57.535770	19.046948	15.901697	10.714879	32.572001	32.862630	19.864296
	54.094017	57.535770	19.016385	15.832830	10.714879	33.029930	32.710076	19.734018
	54.471510	58.172950	18.985900	15.878690	10.766604	32.876042	32.710076	19.831596
	54.471510	57.959112	19.016385	15.901697	10.766604	32.876042	32.558756	19.831596
	53.907072	58.172950	18.955493	15.855734	10.779590	32.952828	32.634263	19.864296
	53.721311	57.959112	19.139113	15.971028	10.818677	33.185084	32.862630	19.831596
	53.721311	57.746724	19.077590	15.855734	10.779590	33.185084	32.634263	19.798983
	53.907072	58.172950	19.046948	15.901697	10.831750	33.029930	32.786198	19.929957
	54.094017	58.172950	18.985900	15.947866	10.818677	33.029930	32.862630	19.897082
	53.907072	58.172950	18.985900	15.901697	10.831750	32.952828	32.710076	19.929957
	54.282160	57.959112	19.016385	15.994242	10.805626	33.107348	33.016433	19.929957
	53.907072	57.959112	19.077590	15.947866	10.818677	33.341519	32.862630	19.897082
	54.094017	58.172950	19.108312	16.017509	10.831750	32.952828	33.171501	20.062338
	54.094017	58.172950	19.108312	16.017509	10.831750	33.341519	33.093808	19.897082
	53.536724	57.535770	19.108312	16.087623	10.805626	33.107348	33.327850	19.995970
	53.536724	58.172950	19.231996	16.087623	10.871102	33.341519	33.171501	19.962919
	54.282160	58.172950	19.016385	16.064199	10.871102	33.263140	33.249515	20.095656
	54.094017	58.823312	19.294321	16.181849	11.043956	33.818673	33.406509	20.263600
	54.662080	59.043099	19.388419	16.324802	11.097917	34.061767	33.564808	20.331417
	53.536724	58.388252	19.294321	16.205540	10.977022	33.578609	33.564808	20.095656
	53.353300	58.172950	19.108312	16.111099	10.910654	33.578609	33.406509	20.029110
	54.471510	59.043099	19.108312	16.181849	10.963703	33.499251	33.406509	20.129064
	53.721311	58.172950	19.388419	16.324802	11.017114	33.818673	33.804738	20.331417
	54.282160	58.823312	19.046948	16.087623	10.977022	33.578609	33.327850	20.162562
	53.171027	58.172950	19.169993	16.205540	10.923882	33.578609	33.485494	20.196151
	54.282160	58.605034	19.139113	16.205540	10.977022	33.658297	33.644452	20.263600
	53.907072	58.823312	19.108312	16.158213	11.017114	33.899365	33.406509	20.129064
	53.907072	59.043099	19.077590	16.181849	11.030524	33.658297	33.485494	20.263600
	53.721311	58.172950	19.169993	16.324802	10.990363	33.578609	33.966370	20.365463
	54.094017	59.264413	19.077590	16.300841	11.030524	33.899365	33.804738	20.297463
	53.907072	59.043099	19.108312	16.229284	11.070891	33.899365	33.724428	20.297463
	53.907072	58.605034	19.200954	16.253082	11.057412	34.061767	33.885384	20.229830
	53.907072	58.388252	19.169993	16.372889	11.030524	33.738318	34.129364	20.331417
	53.721311	58.388252	19.169993	16.421197	11.030524	33.980396	34.129364	20.433835
	53.353300	59.043099	19.200954	16.348818	11.070891	34.225542	33.966370	20.297463
	53.721311	58.388252	19.263118	16.421197	11.070891	33.818673	34.293739	20.468161
	53.353300	59.043099	19.231996	16.348818	11.111465	34.061767	34.047695	20.399603
	53.907072	59.487269	19.169993	16.324802	11.152249	34.307949	33.885384	20.365463
	53.171027	58.388252	19.263118	16.372889	11.097917	34.143482	34.293739	20.433835
	53.171027	59.043099	19.294321	16.397015	11.138631	34.225542	34.211378	20.365463
	54.471510	59.487269	19.263118	16.542940	11.262042	34.473815	34.459511	20.711093
	53.907072	59.043099	19.294321	16.445434	11.220692	34.473815	34.376449	20.502581
	54.094017	59.487269	19.388419	16.666094	11.303607	34.307949	34.542926	20.781366
	53.536724	59.264413	19.231996	16.421197	11.193244	34.473815	34.129364	20.571704
	53.721311	59.264413	19.231996	16.542940	11.206956	34.143482	34.542926	20.641207
	54.094017	59.937672	19.139113	16.518479	11.248234	34.390706	34.211378	20.571704
	53.721311	59.264413	19.231996	16.445434	11.248234	34.557278	34.293739	20.537095
	53.353300	59.487269	19.263118	16.542940	11.248234	34.390706	34.459511	20.641207
	53.721311	59.043099	19.325605	16.616662	11.220692	34.473815	34.710828	20.676102
	53.907072	60.165252	19.169993	16.518479	11.303607	34.809815	34.376449	20.711093
	54.094017	60.165252	19.231996	16.567457	11.303607	34.473815	34.542926	20.746181
	53.353300	59.043099	19.356971	16.666094	11.248234	34.641098	34.795319	20.676102
	53.721311	59.487269	19.294321	16.616662	11.303607	34.390706	34.626698	20.816648
	53.721311	59.043099	19.356971	16.690897	11.289728	34.557278	34.795319	20.746181
	53.721311	59.937672	19.263118	16.592031	11.317510	34.809815	34.542926	20.711093
	53.907072	59.043099	19.388419	16.715757	11.303607	34.725276	34.965393	20.781366
	53.721311	59.937672	19.325605	16.616662	11.345389	34.894718	34.542926	20.746181
	54.094017	60.394440	19.263118	16.616662	11.387390	34.809815	34.626698	20.852028
	53.721311	59.487269	19.388419	16.765651	11.331438	34.641098	34.965393	20.958760
	53.721311	59.937672	19.325605	16.715757	11.359365	34.979986	34.795319	20.781366
	53.721311	60.394440	19.325605	16.666094	11.415513	34.979986	34.710828	20.887507
	53.721311	59.937672	19.356971	16.740675	11.387390	35.065622	34.880173	20.816648
	54.662080	60.394440	19.546901	16.916738	11.528996	34.979986	35.136937	21.211303
	54.471510	61.091827	19.451563	16.916738	11.528996	35.151629	35.309972	21.138642
	53.721311	60.165252	19.388419	16.790685	11.443735	35.238009	35.136937	20.923084
	53.907072	60.857711	19.325605	16.740675	11.472056	35.238009	34.880173	20.958760
	53.721311	60.165252	19.451563	16.815778	11.472056	34.894718	35.136937	21.138642
	53.171027	59.937672	19.515038	16.866140	11.443735	35.151629	35.136937	21.066388
	54.094017	60.625254	19.483259	16.916738	11.486253	35.065622	35.309972	21.174921
	53.536724	61.091827	19.419950	16.840929	11.528996	35.238009	35.050980	21.138642
	53.171027	59.937672	19.578848	16.916738	11.472056	35.238009	35.309972	21.174921
	53.721311	60.625254	19.546901	16.967574	11.514723	35.151629	35.397054	21.247787
	54.094017	60.625254	19.483259	16.916738	11.486253	35.238009	35.223267	21.211303
	53.721311	59.937672	19.515038	16.942126	11.457883	35.065622	35.484517	21.247787
	53.721311	59.937672	19.515038	16.967574	11.457883	35.238009	35.397054	21.211303
	54.094017	61.091827	19.356971	16.916738	11.528996	35.151629	35.223267	21.174921
	54.282160	61.091827	19.356971	16.891409	11.543294	35.238009	35.309972	21.211303
	53.721311	61.091827	19.419950	16.866140	11.528996	35.411896	34.965393	21.211303
	54.094017	61.091827	19.356971	16.916738	11.543294	35.238009	35.309972	21.211303
	54.094017	61.091827	19.294321	16.916738	11.557617	35.238009	35.309972	21.174921
	54.282160	60.857711	19.610879	17.121527	11.673117	35.764253	35.660591	21.284374
	53.907072	61.091827	19.739854	17.199326	11.746142	35.675585	35.838215	21.394756
	54.094017	60.394440	19.546901	17.173331	11.644088	35.324763	35.927614	21.506080
	53.536724	60.394440	19.356971	16.967574	11.557617	35.499409	35.484517	21.138642
	53.721311	60.625254	19.451563	16.967574	11.615163	35.675585	35.309972	21.211303
	53.171027	60.394440	19.419950	16.967574	11.586339	35.587304	35.484517	21.174921
	54.094017	60.625254	19.325605	16.993081	11.600738	35.411896	35.572361	21.284374
	53.907072	61.327622	19.451563	16.942126	11.644088	35.675585	35.397054	21.247787
	53.353300	60.394440	19.546901	17.018649	11.586339	35.587304	35.660591	21.321064
	54.282160	61.327622	19.388419	17.018649	11.658590	35.587304	35.660591	21.431758
	53.171027	60.857711	19.515038	17.044278	11.644088	35.587304	35.838215	21.357858
	53.353300	60.394440	19.578848	17.069966	11.644088	35.675585	35.838215	21.284374
	53.907072	61.565113	19.451563	17.044278	11.716854	35.853312	35.660591	21.468866
	54.282160	60.857711	19.546901	17.095716	11.702249	35.587304	35.838215	21.543399
	53.907072	61.091827	19.546901	17.069966	11.731485	36.032610	35.660591	21.394756
	53.171027	61.091827	19.546901	17.121527	11.702249	36.032610	35.838215	21.394756
	53.721311	61.091827	19.546901	17.199326	11.702249	35.587304	36.198194	21.506080
	53.353300	60.625254	19.675196	17.199326	11.673117	35.853312	36.198194	21.506080
	53.353300	60.625254	19.642995	17.173331	11.687670	35.853312	35.927614	21.543399
	53.536724	61.804319	19.483259	17.095716	11.746142	35.853312	35.749208	21.543399
	53.721311	60.857711	19.642995	17.251502	11.687670	35.853312	36.289190	21.543399
	53.907072	61.327622	19.578848	17.225383	11.746142	35.764253	36.198194	21.655997
	54.094017	61.804319	19.837486	17.489401	11.909111	36.032610	36.564624	21.922523
	53.536724	61.091827	19.837486	17.356602	11.819820	36.213502	36.289190	21.769566
	53.721311	61.327622	19.837486	17.436090	11.864345	36.213502	36.657260	21.807640
	53.907072	61.091827	19.675196	17.356602	11.805032	35.942763	36.564624	21.845824
	54.662080	61.565113	19.739854	17.356602	11.879241	36.304551	36.380592	21.807640
	53.536724	62.045258	19.610879	17.199326	11.805032	36.213502	35.927614	21.543399
	53.721311	61.804319	19.578848	17.199326	11.819820	36.213502	35.927614	21.693745
	53.353300	60.857711	19.675196	17.330233	11.746142	36.122856	36.472403	21.655997
