	34.475084	75.046372	22.123453	22.991319	16.393598	46.431802	49.096439	32.969623
	33.900787	73.689111	22.280551	22.949768	16.273621	46.431802	49.096439	32.969623
	33.580114	73.356984	21.891206	22.662370	16.061067	46.290302	48.629254	32.438222
	33.659782	72.701102	22.006825	22.621800	16.014416	46.149582	48.629254	32.588515
	33.659782	73.356984	21.968174	22.703061	16.107928	46.574090	48.629254	32.513217
	33.981796	74.361917	21.814682	22.662370	16.107928	46.009638	48.629254	32.588515
	34.309263	74.024077	22.241104	22.908342	16.321447	47.005744	48.784078	32.892779
	33.580114	73.027660	22.045588	22.784806	16.014416	46.149582	48.939804	32.664118
	33.981796	73.356984	21.929634	22.743872	16.061067	45.870461	48.784078	32.740029
	33.820116	72.701102	21.929634	22.784806	15.991169	45.870461	49.096439	32.588515
	33.820116	74.024077	21.929634	22.581350	16.131438	46.431802	48.322279	32.664118
	33.981796	73.356984	21.929634	22.703061	16.061067	46.149582	48.475323	32.664118
	33.820116	73.027660	22.006825	22.784806	15.991169	45.732047	48.939804	32.588515
	33.739782	73.356984	21.891206	22.743872	16.014416	45.870461	48.784078	32.892779
	33.820116	73.356984	21.929634	22.662370	16.037715	45.870461	48.475323	32.892779
	33.981796	74.361917	21.814682	22.621800	16.084471	46.149582	48.170113	32.664118
	33.820116	74.361917	21.814682	22.541020	16.061067	46.009638	48.170113	32.588515
	33.820116	72.701102	22.045588	22.784806	15.967975	46.149582	49.096439	32.588515
	34.391998	73.689111	22.084464	22.867040	16.178617	46.149582	48.784078	32.969623
	34.226877	75.046372	22.162555	22.867040	16.273621	46.431802	48.475323	32.664118
	33.820116	73.689111	22.123453	22.825862	16.202287	46.861054	48.939804	32.740029
	34.144839	73.027660	22.241104	23.032994	16.178617	46.149582	49.412471	32.969623
	34.226877	73.356984	21.929634	22.784806	16.131438	46.290302	48.784078	32.740029
	33.820116	74.361917	21.891206	22.581350	16.084471	46.431802	48.170113	32.588515
	33.659782	73.689111	21.929634	22.703061	16.061067	46.574090	48.475323	32.513217
	33.739782	73.356984	21.891206	22.662370	16.061067	46.431802	48.629254	32.513217
	33.659782	72.701102	22.006825	22.662370	15.991169	46.149582	48.475323	32.664118
	33.739782	74.361917	21.929634	22.581350	16.107928	46.574090	48.475323	32.513217
	33.981796	73.689111	21.814682	22.703061	16.037715	46.149582	48.475323	32.664118
	33.981796	73.356984	21.852889	22.662370	16.061067	46.149582	48.475323	32.664118
	33.580114	73.689111	21.968174	22.703061	16.061067	46.149582	48.629254	32.513217
	33.981796	73.356984	22.241104	22.908342	16.178617	46.717171	48.784078	32.892779
	34.475084	75.393063	22.201772	22.621800	16.393598	46.149582	44.896422	32.816249
	33.739782	73.027660	21.929634	21.347336	15.807058	42.023384	39.750697	31.561307
	33.900787	72.056151	21.852889	19.405158	14.464176	36.487871	33.644452	29.796475
	33.500777	70.797964	21.776585	18.292312	13.286359	33.818673	31.320319	28.195459
	33.500777	68.692623	21.738597	16.916738	11.472056	31.474377	29.075034	25.901234
	33.659782	66.152319	21.662947	15.673916	9.885643	29.525743	27.314236	23.642187
	33.739782	63.276623	21.587729	14.852430	8.601834	27.891203	26.500935	21.693745
	33.739782	60.394440	21.512939	14.094623	7.665128	26.939807	25.577907	19.831596
	33.500777	58.605034	21.475703	13.428967	7.028022	26.248929	24.802110	18.272019
	33.659782	56.706019	21.327812	12.875648	6.589945	25.788040	24.245860	17.103321
	33.500777	54.155785	21.291101	12.546655	6.261060	25.194459	24.020232	16.188889
	33.580114	53.597065	21.217986	12.229751	6.094212	25.001702	23.666452	15.391787
	34.226877	53.048854	21.254492	12.136939	6.075287	24.906253	23.754078	15.132319
	33.739782	51.293684	21.109083	11.849632	5.883541	24.623550	23.492811	14.412424
	33.739782	50.290876	21.036988	11.716934	5.793190	24.300479	23.449733	14.119651
	34.144839	50.127223	21.001092	11.629645	5.829145	24.484214	23.449733	13.891813
	33.659782	49.165403	20.717483	11.345268	5.675095	23.984449	23.109786	13.470193
	33.580114	49.008371	20.578013	11.248062	5.686784	24.074039	23.026078	13.257720
	33.500777	48.236746	20.578013	11.193042	5.680936	24.209477	23.067869	13.084419
	33.500777	47.934269	20.474411	11.193042	5.704369	23.984449	23.194000	13.084419
	33.500777	47.486979	20.474411	11.206762	5.722012	24.119043	23.406786	12.965085
	33.500777	47.934269	20.303615	11.165675	5.781260	24.300479	23.278727	12.897610
	33.343084	47.192986	20.303615	11.220505	5.805148	24.254906	23.579365	12.914430
	33.820116	47.934269	20.068358	11.206762	5.889620	24.346196	23.536022	12.948167
	33.343084	47.192986	20.101695	11.234271	5.932368	24.484214	23.666452	12.931283
	33.580114	47.635229	20.001953	11.234271	6.012679	24.576957	23.710197	12.965085
	33.580114	47.486979	19.968883	11.331309	6.050156	24.484214	23.975527	13.084419
	33.739782	47.339568	19.870204	11.317374	6.119550	24.530512	24.020232	13.170650
	33.500777	46.902287	19.870204	11.387291	6.170583	24.717183	24.245860	13.187996
	33.820116	47.635229	20.135121	11.629645	6.413015	25.243040	24.567762	13.506095
	33.659782	47.486979	19.610879	11.443666	6.333212	24.906253	24.245860	13.310371
	33.421767	47.192986	19.675196	11.528974	6.392956	25.001702	24.521338	13.398813
	33.500777	47.784323	19.578848	11.514693	6.493981	25.243040	24.382947	13.452296
	34.063146	48.085074	19.870204	11.834782	6.708708	25.488332	25.040241	13.873075
	33.659782	47.635229	19.356971	11.658638	6.610723	25.340677	24.707922	13.687755
	33.580114	47.784323	19.325605	11.687734	6.680539	25.340677	24.802110	13.742961
	33.739782	48.085074	19.263118	11.760930	6.779743	25.438953	24.849431	13.835713
	33.500777	47.784323	19.263118	11.746239	6.822790	25.637446	24.849431	13.910589
	33.343084	47.486979	19.294321	11.834782	6.873422	25.587578	25.184974	14.005038
	33.580114	48.085074	19.200954	11.894343	6.953891	25.687479	25.184974	14.081291
	33.343084	48.085074	19.139113	11.894343	7.020566	25.889270	25.136574	14.158168
	33.580114	48.542720	19.016385	11.984493	7.103102	25.838571	25.331123	14.274671
	33.500777	48.085074	19.046948	12.075627	7.148613	25.838571	25.577907	14.392623
	33.659782	48.236746	19.016385	12.075627	7.209843	25.889270	25.528226	14.492041
	33.343084	48.697037	18.894914	12.090913	7.287277	26.093759	25.478708	14.552191
	33.580114	48.389292	18.925165	12.152337	7.318533	25.940137	25.627751	14.673629
	33.343084	48.852251	18.864740	12.167763	7.397391	26.301000	25.577907	14.714450
	33.343084	48.697037	18.744814	12.198701	7.445205	26.353247	25.677760	14.694018
	33.580114	48.389292	18.774681	12.276542	7.485339	26.301000	25.828780	14.858686
	33.421767	48.542720	18.804624	12.386734	7.558254	26.301000	26.083846	15.026174
	33.500777	48.852251	18.804624	12.498365	7.648565	26.458271	26.187069	15.110999
	33.500777	48.852251	18.596612	12.386734	7.656841	26.458271	25.930297	15.068495
	33.421767	48.697037	18.626102	12.434398	7.690057	26.617146	26.135371	15.089724
	33.264725	48.697037	18.626102	12.450345	7.731828	26.723966	26.083846	15.175097
	33.343084	48.389292	18.567196	12.562811	7.765449	26.511050	26.343209	15.282855
	33.031573	48.542720	18.626102	12.595216	7.807731	26.617146	26.448182	15.369906
	33.264725	49.008371	18.479392	12.546655	7.875983	26.885569	26.238941	15.369906
	33.186688	48.852251	18.479392	12.578999	7.919020	26.885569	26.290987	15.413717
	33.264725	48.852251	18.392249	12.693164	7.953662	26.723966	26.553868	15.546304
	33.264725	49.008371	18.392249	12.644052	8.014746	26.939807	26.343209	15.546304
	33.264725	49.008371	18.392249	12.726061	8.032307	26.777650	26.500935	15.703215
	33.264725	48.697037	18.421224	12.792228	8.049917	26.777650	26.660273	15.771210
	33.500777	49.323356	18.277072	12.775639	8.120845	26.939807	26.606980	15.816792
	33.421767	49.165403	18.191440	12.792228	8.129766	26.939807	26.606980	15.862577
	33.264725	48.852251	18.277072	12.858900	8.138700	26.939807	26.767405	15.862577
	32.954491	49.323356	18.191440	12.842185	8.192566	27.103643	26.660273	15.862577
	33.343084	49.165403	18.106445	12.842185	8.219669	27.048843	26.713748	16.001169
	33.500777	49.323356	18.163038	12.926083	8.301666	27.103643	26.821246	16.118096
	33.031573	49.323356	18.248457	12.926083	8.301666	27.158633	26.929483	16.118096
	33.264725	49.323356	18.050131	12.909239	8.301666	27.158633	26.821246	16.094605
	33.264725	49.165403	18.191440	13.044897	8.384710	27.158633	27.148202	16.236353
	33.343084	49.642057	17.994094	12.942959	8.375430	27.158633	26.821246	16.236353
	33.108972	49.323356	17.994094	12.926083	8.375430	27.269185	26.875272	16.141641
	33.108972	49.482238	18.022078	12.942959	8.403308	27.380507	26.821246	16.236353
	32.877723	49.482238	17.994094	12.993781	8.431306	27.380507	26.929483	16.260165
	33.264725	49.802823	17.938333	13.010787	8.468822	27.269185	26.875272	16.355960
	33.108972	49.802823	17.882845	13.010787	8.487660	27.324749	26.929483	16.380046
	33.031573	49.323356	17.938333	13.027825	8.478234	27.436459	26.929483	16.380046
	33.500777	49.802823	18.305758	13.375617	8.669352	27.719174	27.594841	16.698249
	33.186688	49.482238	18.134706	13.269855	8.611437	27.605493	27.369967	16.599322
	33.031573	49.482238	17.855203	13.148020	8.554022	27.213813	27.258699	16.476942
	33.108972	49.964542	17.910555	13.130749	8.630686	27.662234	27.093239	16.574733
	33.186688	49.964542	17.938333	13.234876	8.659665	27.776315	27.314236	16.648671
	33.108972	49.482238	17.718001	13.148020	8.601834	27.436459	27.148202	16.648671
	33.031573	49.642057	17.772681	13.148020	8.621055	27.605493	27.093239	16.574733
	32.954491	49.964542	17.745308	13.148020	8.669352	27.548951	27.148202	16.599322
	32.954491	49.323356	17.800121	13.234876	8.630686	27.492607	27.369967	16.673431
	32.954491	49.642057	17.718001	13.182661	8.679054	27.662234	27.148202	16.673431
	33.186688	50.127223	17.636479	13.165324	8.718001	27.492607	27.148202	16.723125
	32.725122	49.323356	17.745308	13.269855	8.669352	27.492607	27.369967	16.748058
	33.108972	49.642057	17.609436	13.234876	8.718001	27.436459	27.258699	16.773050
	32.877723	49.482238	17.800121	13.287396	8.718001	27.605493	27.425891	16.798099
	33.031573	49.802823	17.718001	13.287396	8.816368	27.833658	27.314236	16.873601
	32.877723	49.323356	17.609436	13.304971	8.727773	27.492607	27.482011	16.848375
	33.186688	49.802823	17.555547	13.287396	8.767005	27.605493	27.369967	16.898886
	32.801268	49.482238	17.636479	13.340225	8.776849	27.605493	27.538328	16.949635
	32.801268	49.642057	17.555547	13.322581	8.796580	27.436459	27.482011	16.949635
	32.877723	50.127223	17.501917	13.252348	8.826285	27.605493	27.258699	16.924231
	33.031573	50.455509	17.663587	13.375617	8.926252	28.065068	27.482011	17.103321
	32.649286	49.964542	17.609436	13.322581	8.836215	27.776315	27.425891	16.924231
	32.877723	49.642057	17.501917	13.375617	8.826285	27.605493	27.651554	17.051851
	32.954491	49.964542	17.501917	13.357904	8.856120	27.605493	27.538328	17.077556
	32.877723	50.127223	17.501917	13.304971	8.896107	27.948953	27.369967	17.000622
	32.801268	49.482238	17.475199	13.411148	8.846161	27.662234	27.708466	17.077556
	32.801268	49.802823	17.448546	13.411148	8.886088	27.605493	27.594841	17.155036
	32.725122	49.802823	17.448546	13.393365	8.906141	27.662234	27.594841	17.155036
	32.725122	50.127223	17.582459	13.464708	8.956531	27.891203	27.651554	17.077556
	32.954491	49.964542	17.448546	13.393365	8.916189	27.891203	27.594841	17.129148
	33.343084	50.621131	17.555547	13.554681	9.079005	28.123436	27.938130	17.417335
	32.877723	50.455509	17.501917	13.428967	9.007296	28.123436	27.651554	17.259206
	32.725122	49.964542	17.395430	13.428967	8.946423	27.776315	27.651554	17.259206
	32.649286	49.964542	17.448546	13.428967	8.946423	27.948953	27.708466	17.129148
	32.725122	50.127223	17.368968	13.464708	8.976792	27.719174	27.822892	17.180986
	32.877723	49.964542	17.342568	13.428967	8.976792	27.891203	27.708466	17.206997
	32.649286	50.290876	17.289959	13.411148	9.017495	27.948953	27.594841	17.259206
	32.725122	49.964542	17.342568	13.500591	8.997113	27.833658	27.880409	17.285403
	32.877723	49.964542	17.263749	13.464708	9.007296	27.948953	27.765578	17.337987
	32.954491	50.787750	17.263749	13.482632	9.017495	27.948953	27.765578	17.285403
	32.649286	50.127223	17.289959	13.464708	9.027708	28.065068	27.765578	17.259206
	32.877723	50.455509	17.211515	13.482632	9.027708	28.006907	27.822892	17.311664
	32.498531	50.290876	17.368968	13.500591	9.037937	28.006907	27.938130	17.285403
	32.498531	49.964542	17.316232	13.500591	9.037937	28.065068	27.996055	17.337987
	32.498531	49.964542	17.263749	13.518585	9.058440	28.123436	27.880409	17.311664
	32.801268	50.127223	17.289959	13.518585	9.068715	28.006907	27.880409	17.390822
	32.877723	50.290876	17.159528	13.536615	9.079005	28.065068	27.880409	17.364373
	32.649286	49.802823	17.316232	13.590921	9.058440	27.948953	28.054187	17.417335
	32.801268	50.290876	17.501917	13.718900	9.172312	28.299793	28.347972	17.577758
	32.649286	50.621131	17.237601	13.500591	9.141069	28.240797	27.822892	17.417335
	32.877723	50.290876	17.185491	13.572783	9.130686	28.123436	27.938130	17.550860
	32.801268	50.621131	17.159528	13.572783	9.141069	28.123436	27.938130	17.443912
	32.423609	50.455509	17.263749	13.572783	9.120319	28.123436	27.938130	17.470552
	32.498531	50.290876	17.211515	13.590921	9.141069	28.182012	27.996055	17.497257
	32.423609	50.290876	17.211515	13.609094	9.141069	28.182012	28.054187	17.497257
	32.573756	49.964542	17.159528	13.645550	9.120319	28.065068	28.171072	17.604722
	32.423609	50.290876	17.159528	13.609094	9.161882	28.240797	28.054187	17.470552
	32.725122	50.787750	17.107788	13.627304	9.193218	28.299793	28.112525	17.550860
	32.423609	50.621131	17.185491	13.609094	9.172312	28.418422	28.112525	17.497257
	32.498531	50.290876	17.263749	13.700507	9.203695	28.299793	28.229828	17.631751
	32.573756	50.955375	17.082010	13.609094	9.214188	28.418422	27.996055	17.524026
	32.954491	50.955375	17.395430	13.886099	9.352050	28.478057	28.707548	17.905689
	33.186688	51.464385	17.368968	13.904864	9.427421	28.718759	28.586823	17.905689
	32.498531	50.621131	17.289959	13.737329	9.266891	28.537906	28.288794	17.713233
	32.498531	50.955375	17.082010	13.609094	9.235221	28.299793	28.054187	17.604722
	33.031573	50.621131	17.448546	13.942509	9.384253	28.718759	28.768239	17.933453
	32.498531	50.621131	17.133628	13.718900	9.235221	28.240797	28.407363	17.713233
	32.725122	50.955375	17.082010	13.682152	9.277479	28.418422	28.288794	17.740526
	32.498531	50.621131	17.133628	13.737329	9.245762	28.240797	28.407363	17.740526
	32.348989	50.787750	17.185491	13.682152	9.256318	28.478057	28.288794	17.631751
	32.348989	50.127223	17.185491	13.700507	9.235221	28.418422	28.347972	17.686006
	32.423609	51.124017	17.107788	13.645550	9.288084	28.537906	28.171072	17.658846
	32.423609	50.787750	17.107788	13.700507	9.266891	28.597973	28.347972	17.658846
	32.725122	50.787750	17.107788	13.737329	9.288084	28.478057	28.347972	17.740526
	32.274667	50.290876	17.133628	13.700507	9.256318	28.478057	28.347972	17.658846
	32.649286	50.787750	17.368968	13.961388	9.405804	28.779481	28.890286	17.961285
	32.954491	51.464385	17.185491	13.886099	9.438254	28.779481	28.586823	17.933453
	32.573756	51.124017	17.005039	13.682152	9.309341	28.537906	28.288794	17.767885
	32.954491	51.636130	17.211515	13.830030	9.449104	28.779481	28.586823	17.933453
	32.274667	50.955375	17.133628	13.755794	9.319994	28.597973	28.466968	17.822805
	32.573756	50.955375	17.082010	13.755794	9.319994	28.658256	28.466968	17.822805
	32.423609	51.464385	17.082010	13.737329	9.362768	28.779481	28.407363	17.822805
	32.274667	50.955375	17.082010	13.755794	9.330663	28.658256	28.586823	17.822805
	32.348989	50.787750	17.030636	13.830030	9.319994	28.478057	28.768239	17.850365
	32.573756	51.293684	17.005039	13.755794	9.373502	28.658256	28.466968	17.822805
	32.498531	51.124017	17.056293	13.755794	9.352050	28.779481	28.526787	17.767885
	32.274667	50.621131	17.107788	13.811415	9.341348	28.658256	28.647076	17.850365
	32.348989	50.955375	17.056293	13.867372	9.362768	28.537906	28.768239	17.933453
	32.498531	50.955375	17.030636	13.774297	9.362768	28.840424	28.526787	17.822805
	32.348989	50.621131	17.030636	13.867372	9.352050	28.658256	28.829151	17.933453
	32.348989	50.787750	17.159528	13.886099	9.405804	28.901590	28.951643	17.961285
	32.348989	51.464385	16.979503	13.792838	9.416604	28.779481	28.586823	17.933453
	32.348989	50.955375	17.056293	13.886099	9.405804	28.718759	28.951643	17.989186
	32.573756	51.124017	17.030636	13.867372	9.416604	28.718759	28.829151	18.045194
	32.274667	51.808929	16.979503	13.830030	9.438254	28.962979	28.647076	17.877993
	32.423609	51.636130	16.954027	13.830030	9.459971	29.024592	28.768239	17.905689
	32.200644	50.787750	17.107788	13.942509	9.416604	28.840424	29.013226	17.989186
	32.573756	51.636130	16.979503	13.904864	9.470854	28.901590	28.829151	17.989186
	32.348989	51.293684	17.030636	13.867372	9.449104	29.024592	28.768239	18.017155
	32.348989	51.636130	16.954027	13.867372	9.503605	28.901590	28.829151	18.017155
	32.348989	50.955375	17.082010	13.980306	9.438254	28.840424	29.075034	18.101479
	32.573756	51.808929	16.979503	13.942509	9.514555	29.024592	28.829151	18.073302
	32.649286	52.157727	17.185491	14.037290	9.613875	29.336076	29.013226	18.158044
	32.573756	51.636130	17.056293	13.999262	9.525523	29.024592	29.137069	18.214889
	32.498531	51.464385	16.979503	13.961388	9.481754	29.086432	29.013226	18.101479
	32.498531	51.982791	16.979503	13.923668	9.525523	29.086432	28.951643	18.101479
	32.126916	51.464385	17.030636	13.961388	9.514555	29.086432	29.137069	18.101479
	32.348989	51.636130	17.030636	13.961388	9.514555	29.273319	29.137069	18.073302
	32.274667	51.636130	17.005039	14.056362	9.525523	29.024592	29.324549	18.214889
	32.348989	51.982791	16.979503	13.980306	9.580615	29.148499	29.013226	18.186431
	32.348989	51.982791	17.030636	13.942509	9.547509	29.336076	29.013226	18.158044
	32.348989	51.982791	17.005039	13.980306	9.569562	29.336076	29.075034	18.101479
	32.126916	51.293684	17.082010	14.018257	9.525523	29.210794	29.199332	18.158044
	32.573756	52.333745	17.185491	14.133040	9.692089	29.589436	29.387505	18.300690
	32.498531	52.333745	17.082010	14.094623	9.669655	29.399064	29.324549	18.358249
	32.498531	52.333745	17.082010	14.113812	9.680863	29.589436	29.324549	18.272019
	32.725122	52.333745	17.237601	14.210347	9.725872	29.717535	29.641676	18.358249
	32.274667	51.982791	17.185491	14.152308	9.658465	29.462286	29.514119	18.329434
	32.649286	52.333745	17.056293	14.094623	9.669655	29.462286	29.261825	18.329434
	32.274667	51.464385	17.056293	14.113812	9.580615	29.148499	29.514119	18.329434
	32.274667	51.636130	17.030636	14.133040	9.580615	29.210794	29.577779	18.329434
	32.053482	51.982791	17.005039	14.094623	9.613875	29.336076	29.324549	18.186431
	32.274667	51.808929	17.030636	14.152308	9.613875	29.210794	29.387505	18.358249
	32.348989	52.333745	16.979503	14.075473	9.647291	29.336076	29.261825	18.329434
	32.200644	51.982791	17.107788	14.133040	9.636135	29.399064	29.387505	18.358249
	32.126916	51.982791	17.107788	14.133040	9.636135	29.462286	29.450694	18.243419
	32.423609	51.982791	17.005039	14.133040	9.636135	29.273319	29.514119	18.387136
	32.725122	52.333745	17.159528	14.249240	9.737168	29.653366	29.705812	18.532666
	32.725122	52.510857	17.237601	14.288292	9.793914	29.911490	29.705812	18.532666
	32.573756	51.982791	17.159528	14.327506	9.714593	29.589436	29.964770	18.561992
	32.200644	51.982791	17.107788	14.190961	9.669655	29.525743	29.577779	18.387136
	32.573756	52.333745	17.056293	14.249240	9.737168	29.717535	29.770188	18.561992
	32.498531	52.157727	16.954027	14.171615	9.669655	29.525743	29.577779	18.445129
	32.423609	52.157727	17.005039	14.190961	9.680863	29.399064	29.641676	18.474234
	32.126916	51.982791	17.005039	14.210347	9.692089	29.589436	29.577779	18.387136
	32.274667	52.689072	17.005039	14.171615	9.725872	29.589436	29.577779	18.358249
	32.274667	51.982791	17.107788	14.249240	9.680863	29.653366	29.834806	18.416096
	32.348989	52.868401	16.979503	14.190961	9.737168	29.653366	29.577779	18.445129
	32.274667	52.333745	17.030636	14.268746	9.714593	29.525743	29.964770	18.532666
	32.498531	52.868401	16.979503	14.210347	9.759813	29.717535	29.641676	18.503413
	32.200644	52.157727	17.082010	14.249240	9.703332	29.717535	29.834806	18.445129
	32.274667	52.157727	17.082010	14.307879	9.714593	29.717535	30.030120	18.474234
	32.274667	51.982791	17.082010	14.307879	9.703332	29.781945	30.030120	18.474234
	32.348989	52.510857	17.030636	14.327506	9.737168	29.589436	30.095716	18.561992
	32.649286	52.868401	17.316232	14.526030	9.943565	30.306032	30.360600	18.739517
	32.423609	52.510857	17.005039	14.288292	9.759813	29.653366	30.030120	18.620867
	32.126916	52.689072	17.030636	14.307879	9.759813	29.911490	29.964770	18.474234
	32.126916	52.157727	17.082010	14.307879	9.737168	29.781945	29.964770	18.532666
	32.498531	53.413175	17.133628	14.366882	9.874114	30.107643	30.030120	18.620867
	32.954491	53.782123	17.289959	14.586397	10.013682	30.372665	30.494559	18.889537
	32.725122	52.689072	17.368968	14.647145	9.943565	30.173522	30.561924	18.950084
	32.348989	53.048854	17.237601	14.485994	9.885643	30.107643	30.227656	18.739517
	32.649286	53.597065	17.237601	14.505991	9.978540	30.439552	30.294001	18.889537
	32.274667	52.689072	17.082010	14.406421	9.816738	29.781945	30.294001	18.680041
	32.274667	52.689072	17.056293	14.386631	9.816738	29.846596	30.161561	18.709741
	32.274667	52.868401	17.056293	14.446125	9.828177	29.846596	30.294001	18.709741
	32.423609	53.413175	16.979503	14.406421	9.862602	30.042012	30.227656	18.709741
	32.274667	52.868401	17.056293	14.446125	9.839634	29.846596	30.294001	18.739517
	32.423609	53.413175	17.005039	14.366882	9.874114	30.042012	30.161561	18.709741
	32.274667	52.689072	17.133628	14.466039	9.816738	29.911490	30.427452	18.799295
	32.274667	52.868401	17.082010	14.386631	9.862602	30.306032	30.161561	18.650417
	32.423609	53.413175	17.005039	14.446125	9.874114	30.042012	30.360600	18.709741
	32.274667	53.048854	17.082010	14.505991	9.874114	30.042012	30.561924	18.799295
	32.274667	53.230442	17.082010	14.446125	9.885643	30.372665	30.294001	18.739517
	32.274667	53.230442	17.082010	14.426253	9.920341	30.372665	30.360600	18.709741
	32.126916	52.868401	17.133628	14.526030	9.862602	30.306032	30.629547	18.799295
	32.423609	53.597065	17.005039	14.505991	9.920341	30.239651	30.494559	18.799295
	32.274667	53.230442	17.082010	14.466039	9.908757	30.439552	30.360600	18.739517
	32.274667	53.230442	17.082010	14.466039	9.920341	30.439552	30.427452	18.739517
	32.200644	52.689072	17.082010	14.566232	9.897191	30.173522	30.765573	18.889537
	32.877723	53.597065	17.289959	14.749246	10.108223	30.709672	30.971589	19.102820
	32.573756	53.413175	17.133628	14.626853	10.025434	30.574095	30.765573	18.950084
	32.200644	53.230442	17.107788	14.606604	9.931944	30.306032	30.902651	18.919772
	32.200644	53.230442	17.107788	14.606604	9.955205	30.239651	30.833980	18.889537
	32.274667	53.413175	17.107788	14.566232	9.978540	30.641753	30.765573	18.829299
	32.423609	53.413175	17.107788	14.606604	9.978540	30.372665	30.833980	18.980474
	32.498531	53.413175	17.133628	14.606604	9.990236	30.372665	30.833980	19.041490
	32.274667	54.155785	17.082010	14.566232	10.025434	30.574095	30.629547	18.919772
	32.053482	53.597065	17.133628	14.626853	9.990236	30.574095	30.833980	18.919772
	32.801268	54.725317	17.316232	14.831706	10.203986	30.983977	31.040793	19.226437
	32.274667	54.344412	17.133628	14.687856	10.096339	30.709672	30.765573	19.072116
	32.200644	53.597065	17.159528	14.647145	10.013682	30.439552	30.833980	19.072116
	32.053482	53.782123	17.133628	14.667479	10.025434	30.641753	30.902651	18.950084
	32.274667	53.782123	17.159528	14.687856	10.048993	30.846295	30.902651	18.950084
	32.200644	53.413175	17.159528	14.728740	10.025434	30.506695	31.110267	19.102820
	32.200644	54.344412	17.159528	14.667479	10.084474	30.915003	30.902651	18.980474
	32.274667	54.534252	17.159528	14.687856	10.096339	30.915003	30.971589	19.072116
	32.200644	53.968359	17.185491	14.769796	10.060801	30.574095	31.040793	19.164469
	32.348989	54.344412	17.107788	14.728740	10.108223	30.846295	31.110267	19.195413
	32.126916	53.597065	17.237601	14.749246	10.060801	30.846295	31.110267	19.072116
