	31.980340	75.742782	24.365884	25.241000	19.815384	49.595945	50.714620	39.155084
	32.053482	75.046372	24.550437	25.241000	19.815384	50.080219	50.714620	38.947344
	31.907489	75.393063	24.274478	25.095761	19.717980	49.595945	50.383243	38.947344
	31.980340	75.742782	24.320109	25.192429	19.685684	49.436418	50.548435	39.050968
	31.762652	75.046372	24.504079	25.192429	19.557350	49.436418	50.714620	38.947344
	31.834927	74.024077	24.504079	25.144017	19.398820	49.436418	50.548435	38.844211
	31.834927	75.046372	24.365884	25.144017	19.398820	49.595945	50.548435	38.639399
	31.980340	74.702670	24.274478	24.951924	19.304692	49.595945	50.055805	38.537714
	32.126916	74.702670	24.274478	25.047660	19.304692	49.120159	50.548435	38.844211
	31.762652	74.702670	24.365884	24.999715	19.242348	49.120159	50.383243	38.537714
	31.762652	74.702670	24.320109	24.999715	19.180327	49.120159	50.383243	38.639399
	31.907489	74.702670	24.183645	24.809469	19.149436	49.436418	49.732237	38.639399
	31.980340	74.361917	24.183645	24.951924	19.118626	49.436418	50.219036	38.436505
	32.126916	74.702670	24.003678	24.999715	19.149436	48.963411	50.219036	38.639399
	32.053482	75.393063	24.003678	24.856802	19.180327	48.963411	50.219036	38.537714
	32.801268	76.810505	24.457869	25.241000	19.589307	49.756416	50.548435	39.155084
	32.126916	74.702670	23.959036	24.904287	19.087895	49.120159	50.383243	38.537714
	32.126916	74.024077	24.183645	25.144017	19.180327	48.963411	50.881809	38.741564
	31.834927	74.702670	24.003678	24.904287	19.149436	49.277825	50.383243	38.335768
	31.980340	74.702670	24.048459	24.809469	19.118626	49.277825	49.893542	38.436505
	32.126916	74.361917	23.870167	24.856802	19.180327	48.963411	50.219036	38.537714
	31.980340	74.702670	24.003678	24.999715	19.211297	48.963411	50.714620	38.741564
	32.725122	75.742782	24.457869	25.387661	19.557350	49.595945	51.050009	39.259697
	31.834927	74.024077	24.093380	24.999715	19.180327	49.277825	50.881809	38.436505
	31.980340	75.742782	23.914532	24.856802	19.367362	49.277825	50.055805	38.436505
	31.762652	75.046372	24.093380	24.999715	19.304692	49.277825	50.383243	38.135701
	31.980340	75.742782	24.003678	24.856802	19.430360	49.277825	50.219036	38.135701
	32.126916	75.742782	23.914532	24.951924	19.430360	49.436418	50.548435	38.639399
	31.980340	74.024077	24.183645	25.047660	19.335986	49.277825	51.050009	38.436505
	32.423609	76.095568	24.183645	25.241000	19.815384	50.407896	50.714620	38.741564
	31.907489	75.046372	24.003678	24.904287	19.430360	49.917838	50.219036	38.235502
	31.980340	76.451462	24.093380	24.904287	19.557350	50.080219	49.253992	38.235502
	31.980340	75.046372	24.093380	24.390202	19.335986	47.592718	44.108030	37.741094
	31.834927	75.046372	24.183645	22.621800	18.344587	42.023384	36.750313	35.783186
	31.980340	72.377277	24.138442	20.492683	15.921741	36.396007	31.532849	32.740029
	31.980340	71.421859	24.003678	17.981012	13.164367	32.723404	27.708466	28.732565
	31.980340	67.541463	23.914532	16.087623	10.727778	29.781945	25.429352	26.003202
	32.126916	65.078886	23.781847	14.546110	8.866095	28.065068	23.975527	22.878717
	31.690662	59.937672	23.870167	13.428967	7.453211	26.723966	23.026078	20.365463
	31.834927	57.746724	23.737892	12.595216	6.569243	25.788040	22.453943	18.445129
	31.834927	55.111169	23.650387	11.894343	6.025142	25.340677	21.828321	16.673431
	31.834927	52.868401	23.563420	11.415430	5.657609	24.906253	21.414668	15.391787
	31.690662	50.787750	23.606837	11.043678	5.407764	24.438062	21.340841	14.492041
	31.834927	49.642057	23.348317	10.727341	5.254953	24.254906	21.049658	13.687755
	31.834927	48.236746	23.305688	10.536006	5.148600	23.851107	21.049658	13.205376
	31.980340	47.784323	23.606837	10.523419	5.190867	24.164189	21.230879	12.914430
	31.907489	47.192986	23.263189	10.275975	5.117136	24.119043	21.049658	12.439344
	32.053482	46.758155	23.563420	10.373981	5.180266	24.209477	21.377702	12.328482
	31.907489	45.909993	22.886425	10.083736	5.049649	23.851107	21.121841	11.943992
	31.907489	45.909993	22.804074	10.048240	5.085872	23.895416	21.194431	11.824596
	31.907489	45.771344	22.722214	10.012913	5.117136	24.029174	21.230879	11.765538
	31.907489	45.633452	22.681466	10.036445	5.159133	24.119043	21.451739	11.736167
	31.762652	44.955143	22.763083	10.083736	5.190867	24.164189	21.676394	11.721521
	31.547532	44.955143	22.681466	10.083736	5.249580	24.392057	21.828321	11.692307
	31.762652	44.955143	22.559946	10.167230	5.314431	24.484214	22.020709	11.721521
	31.762652	45.771344	22.399587	10.155244	5.407764	24.670292	21.982008	11.765538
	31.907489	45.633452	22.320113	10.251672	5.491573	24.858758	22.294787	11.854284
	31.762652	45.633452	22.320113	10.337079	5.559628	24.906253	22.534227	11.959038
	31.762652	45.909993	22.280551	10.349359	5.645985	25.291779	22.534227	11.989212
	31.762652	46.049407	22.201772	10.423467	5.733808	25.438953	22.737028	12.111007
	31.547532	45.771344	22.201772	10.523419	5.805148	25.488332	23.109786	12.219046
	32.126916	46.758155	22.123453	10.663031	5.950794	25.737676	23.278727	12.375818
	31.547532	46.189590	21.968174	10.675850	5.987839	25.889270	23.278727	12.375818
	31.690662	46.472293	21.929634	10.805228	6.075287	25.889270	23.622842	12.503344
	31.907489	46.472293	22.123453	10.990057	6.241545	26.248929	23.975527	12.747660
	31.762652	47.192986	21.814682	10.897095	6.300298	26.353247	23.798094	12.681833
	32.126916	47.784323	21.968174	11.152026	6.514407	26.777650	24.200451	13.016031
	31.980340	47.339568	21.814682	11.165675	6.521232	26.885569	24.245860	12.982034
	31.618956	47.047228	21.814682	11.179347	6.534908	26.723966	24.382947	13.033079
	31.690662	47.192986	21.700718	11.317374	6.631578	26.885569	24.614333	13.153337
	31.547532	47.635229	21.662947	11.359251	6.737016	26.939807	24.614333	13.275237
	31.690662	47.934269	21.512939	11.415430	6.822790	27.158633	24.707922	13.345644
	31.980340	48.389292	21.401548	11.543279	6.924500	27.213813	24.992308	13.542140
	31.547532	48.236746	21.401548	11.600755	6.998256	27.380507	25.088330	13.614658
	31.762652	48.697037	21.401548	11.658638	7.095550	27.605493	25.088330	13.724522
	31.547532	48.542720	21.291101	11.760930	7.156232	27.719174	25.331123	13.779950
	31.907489	49.008371	21.181583	11.834782	7.263941	27.662234	25.429352	13.929402
	31.690662	48.697037	21.254492	11.879412	7.318533	27.833658	25.528226	13.986072
	31.834927	49.323356	21.072985	11.969400	7.413287	27.776315	25.627751	14.177486
	31.618956	48.697037	21.181583	12.060369	7.461227	27.719174	25.879455	14.294228
	31.834927	48.852251	21.181583	12.167763	7.541975	27.891203	25.981310	14.372862
	31.690662	48.852251	21.036988	12.198701	7.599140	27.948953	26.135371	14.432266
	31.980340	50.127223	21.217986	12.323593	7.816222	28.537906	26.135371	14.632980
	32.053482	49.642057	21.254492	12.402592	7.875983	28.597973	26.290987	14.796609
	31.834927	49.482238	20.858501	12.355105	7.816222	28.240797	26.135371	14.694018
	31.980340	50.127223	20.965295	12.466322	7.962353	28.418422	26.500935	14.879466
	32.274667	50.621131	21.072985	12.676763	8.120845	28.779481	26.606980	15.110999
	31.907489	50.127223	20.752591	12.514431	8.032307	28.478057	26.343209	14.984034
	31.547532	49.802823	20.787797	12.546655	8.058740	28.597973	26.500935	14.984034
	31.980340	49.964542	20.787797	12.676763	8.174561	28.718759	26.713748	15.261210
	31.834927	50.290876	20.647556	12.644052	8.183557	28.537906	26.606980	15.175097
	31.618956	49.642057	20.682472	12.742556	8.183557	28.478057	26.821246	15.282855
	31.762652	50.290876	20.752591	12.792228	8.320029	28.962979	26.875272	15.369906
	31.618956	50.127223	20.612737	12.775639	8.329230	28.901590	26.606980	15.326286
	31.907489	50.455509	20.717483	12.909239	8.412628	28.718759	26.983880	15.568572
	31.618956	50.290876	20.543385	12.842185	8.403308	28.901590	26.875272	15.457719
	31.618956	50.455509	20.543385	12.959867	8.431306	28.779481	27.093239	15.635671
	31.405523	50.455509	20.578013	12.959867	8.487660	28.901590	26.983880	15.568572
	31.405523	50.127223	20.578013	12.993781	8.506553	28.901590	27.038466	15.680650
	31.618956	50.621131	20.440066	13.027825	8.573105	29.024592	27.093239	15.703215
	31.405523	50.290876	20.474411	13.044897	8.592244	28.962979	27.038466	15.748495
	31.834927	50.621131	20.405814	13.096309	8.649991	29.024592	27.203355	15.839659
	31.476388	50.290876	20.474411	13.113513	8.669352	29.024592	27.203355	15.908568
	31.547532	50.290876	20.337589	13.182661	8.688769	28.901590	27.369967	15.954764
	31.907489	51.293684	20.647556	13.375617	8.896107	29.399064	27.594841	16.165238
	31.334935	50.290876	20.337589	13.200032	8.757176	29.086432	27.258699	16.001169
	31.690662	50.787750	20.578013	13.428967	8.936330	29.462286	27.651554	16.307953
	31.834927	51.293684	20.202246	13.287396	8.926252	29.273319	27.369967	16.212594
	31.690662	51.124017	20.269734	13.304971	8.936330	29.462286	27.369967	16.212594
	31.334935	50.955375	20.135121	13.322581	8.896107	29.336076	27.425891	16.188889
	31.690662	50.621131	20.405814	13.500591	9.017495	29.525743	27.765578	16.380046
	31.334935	50.621131	20.168638	13.375617	8.936330	29.273319	27.538328	16.260165
	31.334935	50.621131	20.202246	13.411148	8.966654	29.336076	27.538328	16.355960
	31.476388	50.955375	20.035111	13.375617	9.017495	29.462286	27.482011	16.331929
	31.334935	50.621131	20.135121	13.446820	9.017495	29.273319	27.594841	16.404186
	31.476388	51.124017	20.035111	13.446820	9.048181	29.399064	27.482011	16.404186
	31.547532	50.787750	20.035111	13.536615	9.079005	29.210794	27.765578	16.574733
	31.264623	50.621131	20.035111	13.536615	9.079005	29.336076	27.822892	16.525725
	31.264623	51.124017	20.035111	13.518585	9.109967	29.336076	27.651554	16.476942
	31.834927	51.293684	20.303615	13.792838	9.330663	29.781945	28.112525	16.848375
	31.476388	50.955375	20.135121	13.645550	9.224697	29.525743	27.822892	16.698249
	31.618956	51.293684	19.935902	13.609094	9.203695	29.399064	27.822892	16.698249
	31.264623	51.293684	19.870204	13.590921	9.193218	29.525743	27.708466	16.623968
	31.405523	51.293684	19.804856	13.554681	9.214188	29.525743	27.594841	16.648671
	31.405523	51.124017	19.804856	13.609094	9.224697	29.210794	27.708466	16.798099
	31.405523	50.955375	19.870204	13.645550	9.224697	29.399064	27.938130	16.773050
	31.405523	51.808929	19.739854	13.609094	9.288084	29.462286	27.651554	16.798099
	31.194584	50.955375	19.837486	13.700507	9.266891	29.399064	27.938130	16.823208
	31.405523	51.293684	19.739854	13.718900	9.309341	29.336076	27.996055	16.898886
	31.405523	51.293684	19.739854	13.718900	9.309341	29.273319	27.996055	16.924231
	31.405523	50.955375	19.675196	13.755794	9.309341	29.336076	28.054187	16.975099
	31.476388	51.636130	19.610879	13.737329	9.373502	29.525743	27.822892	16.924231
	31.405523	50.955375	19.739854	13.774297	9.330663	29.336076	28.054187	17.000622
	31.405523	51.808929	19.610879	13.682152	9.395020	29.717535	27.822892	17.000622
	31.834927	51.636130	19.837486	13.904864	9.514555	29.653366	28.229828	17.259206
	31.334935	51.293684	19.610879	13.737329	9.427421	29.717535	27.938130	16.949635
	31.334935	51.808929	19.610879	13.737329	9.438254	29.653366	27.822892	16.975099
	31.405523	51.293684	19.675196	13.923668	9.470854	29.525743	28.347972	17.180986
	31.334935	51.293684	19.546901	13.755794	9.438254	29.717535	27.996055	17.051851
	31.264623	51.124017	19.610879	13.848682	9.416604	29.589436	28.229828	17.103321
	31.476388	51.808929	19.451563	13.830030	9.481754	29.589436	28.112525	17.206997
	31.476388	51.464385	19.451563	13.848682	9.470854	29.653366	28.171072	17.233070
	31.194584	51.124017	19.578848	13.867372	9.459971	29.653366	28.288794	17.155036
	31.476388	51.982791	19.419950	13.867372	9.492671	29.717535	28.171072	17.206997
	31.264623	51.464385	19.451563	13.923668	9.503605	29.525743	28.288794	17.259206
	31.405523	51.982791	19.451563	13.848682	9.536507	29.846596	27.996055	17.180986
	31.476388	51.636130	19.451563	13.904864	9.525523	29.525743	28.229828	17.337987
	31.264623	51.982791	19.388419	13.867372	9.569562	29.846596	28.054187	17.206997
	31.194584	51.636130	19.388419	13.923668	9.547509	29.717535	28.288794	17.285403
	31.124818	51.464385	19.388419	13.923668	9.569562	29.717535	28.288794	17.285403
	31.476388	51.636130	19.356971	13.942509	9.580615	29.653366	28.347972	17.390822
	31.334935	51.982791	19.356971	13.904864	9.624997	29.911490	28.171072	17.311664
	31.334935	51.808929	19.356971	14.018257	9.580615	29.717535	28.526787	17.443912
	31.264623	51.808929	19.356971	13.923668	9.613875	29.911490	28.171072	17.285403
	31.690662	51.808929	19.578848	14.229774	9.759813	29.976628	28.829151	17.631751
	31.334935	51.808929	19.356971	14.075473	9.647291	29.781945	28.526787	17.550860
	31.334935	51.982791	19.263118	13.942509	9.658465	29.976628	28.288794	17.364373
	31.264623	51.464385	19.356971	14.056362	9.613875	29.846596	28.586823	17.443912
	31.264623	51.293684	19.231996	14.075473	9.636135	29.717535	28.586823	17.443912
	31.194584	51.808929	19.263118	13.980306	9.669655	30.042012	28.288794	17.497257
	31.194584	51.982791	19.325605	14.037290	9.680863	29.846596	28.466968	17.417335
	31.264623	52.157727	19.231996	13.999262	9.714593	30.042012	28.288794	17.497257
	31.334935	51.982791	19.200954	14.037290	9.692089	30.042012	28.526787	17.470552
	31.405523	52.333745	19.108312	13.999262	9.737168	29.846596	28.347972	17.524026
	31.124818	51.464385	19.231996	14.056362	9.680863	29.911490	28.466968	17.524026
	31.334935	51.982791	19.388419	14.152308	9.805317	30.107643	28.707548	17.658846
	31.264623	51.808929	19.139113	14.018257	9.714593	30.042012	28.347972	17.470552
	31.194584	51.636130	19.325605	14.152308	9.759813	30.042012	28.768239	17.658846
	31.264623	51.808929	19.108312	14.133040	9.725872	29.781945	28.707548	17.631751
	31.194584	52.333745	19.016385	14.056362	9.759813	29.911490	28.407363	17.577758
	31.194584	51.982791	19.108312	14.056362	9.737168	30.107643	28.347972	17.577758
	31.405523	52.510857	19.016385	14.113812	9.782529	29.976628	28.407363	17.631751
	31.194584	52.157727	19.077590	14.075473	9.748481	30.173522	28.466968	17.577758
	31.055323	51.636130	19.108312	14.152308	9.737168	29.976628	28.768239	17.658846
	31.405523	52.333745	18.985900	14.133040	9.759813	30.042012	28.647076	17.713233
	31.124818	51.982791	19.046948	14.133040	9.793914	30.173522	28.647076	17.604722
	31.405523	51.982791	18.955493	14.133040	9.782529	29.976628	28.707548	17.686006
	31.194584	51.982791	18.985900	14.094623	9.793914	30.173522	28.526787	17.631751
	31.405523	52.689072	19.016385	14.190961	9.874114	30.107643	28.586823	17.740526
	31.194584	51.982791	19.016385	14.133040	9.805317	30.173522	28.586823	17.658846
	31.124818	52.333745	18.955493	14.113812	9.839634	30.173522	28.586823	17.713233
	31.124818	51.982791	18.985900	14.190961	9.828177	30.239651	28.768239	17.686006
	31.618956	52.333745	19.108312	14.307879	9.943565	30.306032	29.013226	17.933453
	31.124818	51.464385	18.955493	14.210347	9.805317	29.911490	28.890286	17.767885
	31.124818	52.157727	18.925165	14.229774	9.851109	29.976628	28.951643	17.767885
	31.055323	52.333745	18.925165	14.210347	9.862602	30.306032	28.829151	17.740526
	31.194584	51.982791	18.925165	14.249240	9.839634	29.976628	28.951643	17.877993
	31.194584	52.157727	18.894914	14.171615	9.885643	30.372665	28.707548	17.767885
	31.264623	52.157727	18.864740	14.249240	9.885643	30.173522	28.890286	17.822805
	31.194584	52.333745	18.894914	14.307879	9.897191	30.042012	29.013226	17.905689
	31.055323	51.982791	18.925165	14.268746	9.874114	30.173522	29.013226	17.850365
	31.334935	52.689072	18.774681	14.249240	9.943565	30.239651	28.890286	17.905689
	31.124818	51.982791	18.864740	14.307879	9.897191	30.107643	29.075034	17.933453
	31.476388	53.230442	19.108312	14.406421	10.120126	30.709672	29.075034	18.129726
	31.405523	52.510857	19.231996	14.566232	10.096339	30.709672	29.514119	18.214889
	31.618956	53.230442	18.985900	14.446125	10.108223	30.641753	29.261825	18.158044
	31.124818	52.689072	18.834644	14.249240	9.978540	30.439552	28.829151	17.933453
	31.334935	52.868401	18.744814	14.307879	10.001950	30.372665	29.013226	18.017155
	31.264623	52.510857	18.834644	14.327506	9.978540	30.239651	29.013226	18.017155
	30.986096	52.510857	18.804624	14.307879	9.978540	30.506695	29.075034	17.905689
	31.264623	52.868401	18.715023	14.327506	10.013682	30.306032	29.075034	17.989186
	31.124818	52.510857	18.774681	14.288292	9.978540	30.439552	28.890286	17.933453
	31.547532	53.048854	19.016385	14.485994	10.143990	30.846295	29.261825	18.158044
	31.334935	52.689072	18.955493	14.406421	10.096339	30.709672	29.199332	18.101479
	31.124818	51.982791	18.834644	14.406421	9.978540	30.306032	29.261825	18.017155
	31.124818	52.868401	18.744814	14.307879	10.037204	30.506695	29.013226	17.961285
	31.124818	52.868401	18.685307	14.327506	10.060801	30.574095	29.013226	17.989186
	31.124818	51.982791	18.804624	14.406421	10.001950	30.439552	29.324549	18.045194
	31.124818	52.333745	18.774681	14.426253	10.001950	30.306032	29.324549	18.073302
	30.917137	52.689072	18.804624	14.406421	10.048993	30.506695	29.261825	18.045194
	30.917137	52.689072	18.834644	14.406421	10.060801	30.574095	29.261825	18.045194
	31.124818	53.230442	18.685307	14.366882	10.084474	30.574095	29.137069	18.129726
	31.124818	53.230442	18.685307	14.366882	10.096339	30.641753	29.199332	18.129726
	30.917137	52.689072	18.774681	14.426253	10.072628	30.709672	29.324549	18.101479
	30.917137	52.333745	18.834644	14.446125	10.048993	30.574095	29.261825	18.158044
	30.917137	52.689072	18.804624	14.446125	10.084474	30.641753	29.324549	18.101479
	30.917137	52.333745	18.834644	14.466039	10.084474	30.574095	29.261825	18.214889
	30.848444	53.048854	18.744814	14.446125	10.096339	30.641753	29.324549	18.129726
	31.124818	53.230442	18.744814	14.406421	10.132048	30.777852	29.261825	18.214889
	31.124818	53.230442	18.655667	14.446125	10.132048	30.777852	29.199332	18.158044
	30.986096	53.048854	18.804624	14.446125	10.108223	30.641753	29.324549	18.186431
	31.055323	52.333745	18.715023	14.526030	10.084474	30.641753	29.577779	18.300690
	31.055323	53.413175	18.655667	14.446125	10.143990	30.846295	29.261825	18.186431
	30.917137	52.510857	18.774681	14.485994	10.084474	30.641753	29.577779	18.272019
	31.547532	53.230442	19.016385	14.708276	10.325446	31.262565	29.641676	18.445129
	31.264623	52.689072	18.925165	14.687856	10.191948	30.846295	29.770188	18.416096
	31.055323	53.048854	18.685307	14.466039	10.120126	30.846295	29.261825	18.214889
	31.264623	53.048854	18.596612	14.526030	10.143990	30.777852	29.387505	18.358249
	30.986096	53.048854	18.685307	14.446125	10.143990	30.915003	29.324549	18.214889
	31.055323	53.048854	18.685307	14.526030	10.155950	30.915003	29.514119	18.243419
	30.917137	52.868401	18.655667	14.526030	10.167930	30.846295	29.577779	18.214889
	31.124818	53.048854	18.655667	14.485994	10.167930	30.915003	29.387505	18.272019
	31.055323	52.510857	18.744814	14.606604	10.155950	30.777852	29.705812	18.329434
	30.986096	52.689072	18.715023	14.566232	10.155950	30.846295	29.577779	18.358249
	30.848444	52.868401	18.715023	14.546110	10.167930	30.846295	29.577779	18.387136
	31.194584	53.413175	18.567196	14.586397	10.228121	30.846295	29.577779	18.474234
	31.124818	52.689072	18.655667	14.647145	10.179929	30.777852	29.770188	18.445129
	31.055323	53.230442	18.626102	14.647145	10.216044	30.777852	29.770188	18.387136
	31.194584	53.782123	18.567196	14.606604	10.252334	30.846295	29.641676	18.387136
	31.055323	53.597065	18.626102	14.526030	10.264470	31.053218	29.514119	18.329434
	30.986096	52.689072	18.685307	14.647145	10.203986	30.777852	29.834806	18.503413
	31.194584	53.413175	18.715023	14.728740	10.300996	30.915003	30.030120	18.532666
	31.194584	53.230442	18.567196	14.606604	10.252334	30.983977	29.705812	18.445129
	30.986096	53.048854	18.626102	14.687856	10.264470	30.777852	29.899666	18.532666
	30.848444	52.689072	18.685307	14.626853	10.252334	30.983977	29.770188	18.474234
	31.055323	53.782123	18.567196	14.606604	10.313211	31.053218	29.641676	18.503413
	31.194584	53.413175	18.626102	14.667479	10.288801	30.983977	29.834806	18.503413
	31.055323	53.782123	18.537854	14.626853	10.325446	31.122729	29.705812	18.532666
	30.848444	53.413175	18.685307	14.667479	10.300996	31.262565	29.899666	18.532666
	31.194584	53.968359	18.537854	14.687856	10.337701	31.122729	29.899666	18.591392
	31.055323	53.230442	18.685307	14.728740	10.288801	31.122729	30.095716	18.591392
	31.194584	53.413175	18.864740	14.873199	10.436465	31.474377	30.294001	18.769368
	30.780016	53.048854	18.655667	14.687856	10.300996	31.122729	29.899666	18.561992
	31.618956	53.782123	18.804624	14.914868	10.486336	31.262565	30.294001	18.889537
	30.917137	53.230442	18.655667	14.728740	10.325446	31.192511	29.964770	18.532666
	31.055323	53.413175	18.596612	14.667479	10.362271	31.332893	29.834806	18.561992
	31.194584	53.968359	18.508586	14.728740	10.386922	31.192511	30.030120	18.620867
	31.055323	53.968359	18.508586	14.708276	10.399277	31.192511	29.834806	18.620867
	31.194584	53.597065	18.567196	14.728740	10.362271	31.192511	30.030120	18.620867
	30.986096	53.230442	18.567196	14.790389	10.337701	31.053218	30.227656	18.650417
	31.334935	54.155785	18.834644	14.977706	10.561760	31.616977	30.427452	18.889537
	31.405523	54.534252	18.715023	14.894011	10.549137	31.616977	30.227656	18.889537
	31.264623	54.344412	18.715023	14.852430	10.498855	31.474377	30.095716	18.709741
	31.476388	53.968359	18.685307	14.935770	10.523954	31.616977	30.294001	18.889537
	30.848444	53.597065	18.596612	14.769796	10.386922	31.262565	30.095716	18.591392
	30.848444	53.782123	18.626102	14.769796	10.411653	31.332893	30.095716	18.680041
	31.194584	54.155785	18.479392	14.811025	10.436465	31.332893	30.161561	18.680041
	30.986096	53.597065	18.537854	14.790389	10.411653	31.192511	30.161561	18.799295
	30.917137	53.782123	18.537854	14.790389	10.399277	31.474377	30.095716	18.650417
	31.055323	54.155785	18.508586	14.749246	10.448902	31.545537	30.030120	18.650417
	31.055323	53.782123	18.537854	14.811025	10.424049	31.545537	30.161561	18.709741
	30.848444	53.230442	18.626102	14.831706	10.399277	31.332893	30.161561	18.769368
	31.194584	53.597065	18.744814	14.977706	10.486336	31.545537	30.561924	18.859379
	31.334935	54.155785	18.715023	15.040948	10.574404	31.545537	30.697429	18.980474
	30.780016	53.413175	18.596612	14.831706	10.411653	31.403496	30.227656	18.769368
	30.848444	53.968359	18.596612	14.852430	10.448902	31.332893	30.227656	18.709741
	30.848444	53.968359	18.596612	14.852430	10.448902	31.474377	30.227656	18.829299
	30.986096	54.155785	18.537854	14.831706	10.486336	31.688699	30.161561	18.829299
	30.986096	53.968359	18.508586	14.935770	10.473837	31.332893	30.427452	18.859379
	30.848444	54.155785	18.537854	14.873199	10.473837	31.616977	30.294001	18.739517
	30.848444	53.968359	18.596612	14.894011	10.461360	31.545537	30.294001	18.859379
	30.780016	53.413175	18.537854	14.894011	10.436465	31.545537	30.294001	18.769368
	30.986096	53.968359	18.479392	14.831706	10.461360	31.688699	30.161561	18.769368
	31.405523	54.155785	18.834644	15.211598	10.612461	31.616977	30.833980	19.195413
	31.405523	54.155785	18.655667	15.040948	10.599754	31.616977	30.561924	19.102820
	31.194584	53.782123	18.596612	15.062119	10.549137	31.545537	30.697429	19.041490
	30.848444	54.155785	18.567196	14.914868	10.498855	31.616977	30.360600	18.919772
	31.055323	54.534252	18.508586	14.873199	10.549137	31.760705	30.294001	18.859379
	31.194584	54.534252	18.421224	14.956716	10.549137	31.616977	30.427452	19.010943
	31.194584	54.725317	18.421224	14.935770	10.549137	31.545537	30.494559	19.010943
	30.986096	54.155785	18.479392	14.935770	10.511394	31.760705	30.360600	18.859379
	30.848444	54.155785	18.537854	14.956716	10.523954	31.545537	30.427452	18.950084
	30.986096	53.597065	18.537854	14.998742	10.486336	31.474377	30.629547	18.980474
	31.124818	53.968359	18.479392	14.977706	10.523954	31.688699	30.494559	18.980474
	31.124818	54.725317	18.392249	14.956716	10.561760	31.688699	30.561924	19.041490
	31.055323	54.155785	18.479392	14.935770	10.549137	31.905576	30.360600	18.980474
	31.055323	54.344412	18.450272	14.935770	10.549137	31.832997	30.360600	18.919772
	31.124818	54.725317	18.392249	14.977706	10.561760	31.760705	30.561924	19.010943
	30.917137	54.344412	18.479392	15.019822	10.536536	31.545537	30.697429	19.102820
	30.986096	54.534252	18.363347	14.935770	10.561760	31.688699	30.360600	18.980474
