	33.264725	77.538208	22.886425	24.715258	20.145749	50.906828	49.412471	40.555132
	33.343084	77.538208	22.969270	24.715258	20.112312	51.075153	49.571883	40.666540
	33.108972	76.095568	23.052615	24.809469	19.946470	50.407896	49.893542	40.555132
	33.264725	77.538208	22.969270	24.715258	20.112312	50.906828	49.412471	40.444270
	33.264725	76.451462	22.969270	24.715258	20.012540	50.739517	49.571883	40.666540
	33.421767	77.906953	22.804074	24.762288	20.078965	50.407896	49.571883	40.666540
	33.264725	76.810505	22.969270	24.809469	20.012540	49.756416	49.893542	40.778497
	33.580114	77.172739	23.094476	24.762288	20.212893	51.075153	49.571883	40.444270
	33.580114	77.538208	23.305688	25.192429	20.382353	51.414878	50.383243	40.891009
	33.264725	76.810505	22.927786	24.856802	20.012540	49.917838	50.219036	40.778497
	33.659782	77.538208	22.927786	24.856802	20.212893	50.573209	50.055805	40.666540
	33.108972	76.451462	22.927786	24.762288	20.045708	50.573209	49.732237	40.224168
	33.421767	77.538208	22.845188	24.809469	20.112312	50.407896	49.412471	40.555132
	33.186688	76.451462	22.927786	24.856802	20.012540	49.917838	50.055805	40.778497
	33.264725	76.451462	22.927786	24.856802	20.045708	50.080219	49.732237	40.778497
	33.186688	76.451462	22.886425	24.762288	20.012540	50.906828	49.732237	40.333950
	33.500777	76.451462	22.927786	24.762288	20.045708	50.080219	49.893542	40.778497
	33.264725	77.538208	22.804074	24.575063	20.112312	50.243569	49.096439	40.666540
	33.739782	76.451462	23.433964	25.192429	20.348277	51.075153	50.714620	41.117710
	33.186688	77.172739	22.804074	24.575063	20.112312	50.573209	49.253992	40.224168
	33.421767	77.906953	22.927786	24.715258	20.212893	50.739517	49.412471	40.666540
	33.264725	77.538208	22.804074	24.621646	20.112312	50.407896	49.412471	40.444270
	33.108972	75.742782	22.969270	24.668377	19.946470	50.080219	49.732237	40.444270
	33.264725	76.810505	22.845188	24.621646	20.012540	50.739517	49.253992	40.333950
	33.500777	76.095568	22.763083	24.715258	20.045708	50.243569	49.412471	40.555132
	33.343084	77.172739	22.804074	24.621646	20.078965	50.243569	49.096439	40.444270
	33.343084	76.095568	22.886425	24.809469	20.045708	49.917838	50.055805	40.778497
	33.500777	77.172739	22.763083	24.668377	20.112312	50.243569	49.732237	40.666540
	33.186688	75.742782	22.927786	24.668377	20.012540	50.080219	49.732237	40.224168
	33.343084	75.742782	23.136463	24.856802	20.078965	50.080219	49.893542	40.555132
	33.108972	76.095568	22.886425	24.621646	19.946470	50.080219	49.571883	40.444270
	33.421767	76.095568	23.178577	24.904287	20.179276	50.573209	49.893542	40.778497
	33.264725	75.742782	22.927786	24.621646	19.946470	49.756416	48.475323	40.666540
	33.580114	76.095568	23.136463	24.072251	20.145749	48.498598	44.108030	40.006202
	33.343084	77.172739	22.969270	22.222621	19.750362	44.783961	37.510085	38.235502
	33.108972	75.393063	22.845188	20.423987	18.373427	40.311299	33.406509	35.783186
	33.343084	73.027660	22.804074	18.671410	16.369493	36.765945	30.360600	33.516452
	33.500777	72.377277	22.845188	17.303926	14.325745	34.641098	28.347972	31.138198
	33.186688	68.112494	22.681466	15.971028	12.044872	32.421818	26.983880	28.611698
	33.186688	66.152319	22.559946	14.852430	10.374586	31.192511	25.627751	26.157435
	33.186688	63.528368	22.600333	14.037290	9.099631	30.306032	24.849431	24.175092
	33.186688	60.165252	22.559946	13.482632	8.165577	29.148499	24.382947	22.472079
	33.343084	58.605034	22.399587	12.942959	7.558254	28.597973	23.842246	21.030412
	33.108972	56.098082	22.359792	12.546655	7.110662	27.891203	23.492811	19.798983
	33.186688	54.344412	22.399587	12.214212	6.808405	27.436459	23.278727	18.799295
	33.108972	53.413175	22.320113	11.954334	6.617666	27.158633	23.067869	17.961285
	33.031573	52.333745	22.359792	11.702321	6.500781	27.048843	22.818997	17.180986
	32.954491	50.955375	22.241104	11.586348	6.406321	26.885569	22.860165	16.648671
	33.343084	50.787750	22.241104	11.472002	6.433147	26.994231	22.777952	16.307953
	33.186688	49.964542	22.045588	11.303463	6.339819	26.777650	22.655546	15.793975
	33.031573	49.482238	21.929634	11.206762	6.339819	26.723966	22.574547	15.524085
	32.877723	49.165403	21.929634	11.179347	6.359686	26.564008	22.737028	15.218060
	33.108972	49.008371	21.852889	11.111221	6.386286	26.723966	22.655546	15.047312
	33.108972	48.697037	21.776585	11.152026	6.426428	26.458271	22.942873	14.984034
	33.108972	48.542720	21.738597	11.152026	6.460102	26.564008	22.901457	14.879466
	33.264725	48.389292	21.625284	11.138401	6.521232	26.777650	23.026078	14.776004
	32.954491	47.934269	21.738597	11.138401	6.569243	26.777650	23.109786	14.734924
	33.031573	48.236746	21.550281	11.193042	6.631578	26.777650	23.321283	14.734924
	33.500777	48.542720	21.968174	11.415430	6.837211	27.380507	23.842246	14.942073
	33.108972	48.542720	21.625284	11.317374	6.822790	27.324749	23.579365	14.734924
	32.877723	48.236746	21.512939	11.303463	6.858910	27.213813	23.622842	14.694018
	33.031573	48.085074	21.438573	11.359251	6.887970	27.213813	23.798094	14.694018
	33.186688	48.389292	21.291101	11.359251	6.976031	27.380507	23.842246	14.734924
	32.954491	48.389292	21.438573	11.472002	7.088009	27.548951	24.110059	14.858686
	33.108972	48.697037	21.217986	11.486208	7.133403	27.719174	24.110059	14.796609
	33.264725	48.852251	21.181583	11.543279	7.209843	27.662234	24.245860	14.900291
	33.108972	48.697037	21.145283	11.615187	7.271710	27.605493	24.521338	15.005081
	32.877723	48.697037	21.181583	11.658638	7.349953	27.833658	24.475061	15.005081
	33.108972	48.697037	21.109083	11.731573	7.429225	27.948953	24.707922	15.068495
	33.421767	49.802823	21.291101	11.969400	7.690057	28.537906	24.992308	15.391787
	33.186688	49.802823	21.001092	11.879412	7.681736	28.299793	24.849431	15.348072
	33.500777	49.964542	21.254492	12.075627	7.833239	28.779481	25.088330	15.524085
	33.031573	49.323356	20.858501	11.909300	7.765449	28.418422	24.896903	15.348072
	33.031573	49.482238	20.787797	11.984493	7.841764	28.597973	25.088330	15.391787
	33.031573	50.290876	20.787797	12.045139	7.944984	28.718759	25.136574	15.568572
	32.954491	49.802823	20.752591	12.183218	7.997234	28.478057	25.331123	15.680650
	33.186688	49.964542	20.647556	12.198701	8.076422	28.718759	25.429352	15.771210
	32.954491	49.802823	20.717483	12.292197	8.138700	28.718759	25.677760	15.839659
	32.954491	49.802823	20.717483	12.370905	8.210622	28.779481	25.778273	15.931640
	32.801268	49.802823	20.717483	12.386734	8.274218	28.962979	25.778273	15.931640
	32.954491	49.964542	20.647556	12.482328	8.356911	28.962979	25.981310	16.094605
	33.031573	50.621131	20.543385	12.450345	8.440665	29.273319	25.828780	16.047782
	33.343084	51.124017	20.717483	12.759082	8.649991	29.273319	26.448182	16.452634
	32.725122	50.621131	20.508851	12.578999	8.563557	29.273319	26.032492	16.236353
	32.954491	50.955375	20.405814	12.611464	8.659665	29.399064	26.032492	16.236353
	33.264725	51.293684	20.474411	12.792228	8.836215	29.589436	26.343209	16.550200
	32.954491	51.293684	20.269734	12.709597	8.796580	29.462286	26.187069	16.476942
	32.954491	51.464385	20.337589	12.775639	8.856120	29.653366	26.290987	16.550200
	32.877723	51.636130	20.303615	12.808849	8.926252	29.717535	26.343209	16.623968
	32.877723	51.124017	20.303615	12.926083	8.946423	29.462286	26.553868	16.748058
	33.031573	51.124017	20.202246	12.959867	9.007296	29.653366	26.606980	16.798099
	32.877723	51.124017	20.202246	12.976808	9.079005	29.911490	26.606980	16.773050
	32.877723	50.787750	20.202246	13.062001	9.089310	29.589436	26.821246	16.949635
	33.186688	51.464385	20.578013	13.304971	9.309341	30.173522	27.093239	17.155036
	33.031573	51.293684	20.440066	13.322581	9.319994	30.107643	27.148202	17.206997
	32.649286	51.636130	20.135121	13.182661	9.288084	30.173522	26.875272	17.026206
	32.877723	51.982791	20.001953	13.165324	9.330663	29.976628	26.821246	17.103321
	32.877723	51.293684	20.135121	13.269855	9.330663	30.042012	27.038466	17.180986
	32.649286	51.636130	20.101695	13.252348	9.384253	30.042012	26.929483	17.155036
	32.801268	51.808929	20.001953	13.322581	9.438254	29.911490	27.148202	17.311664
	32.954491	52.157727	19.903009	13.322581	9.492671	30.107643	27.038466	17.311664
	32.573756	51.464385	20.035111	13.340225	9.481754	30.173522	27.148202	17.390822
	32.725122	51.808929	19.903009	13.340225	9.536507	30.306032	27.038466	17.337987
	32.573756	51.808929	19.903009	13.393365	9.569562	30.173522	27.148202	17.470552
	32.954491	51.808929	19.870204	13.428967	9.613875	30.042012	27.258699	17.550860
	32.801268	51.464385	19.935902	13.500591	9.624997	30.107643	27.425891	17.604722
	32.725122	51.982791	19.804856	13.446820	9.658465	30.439552	27.148202	17.524026
	32.954491	51.982791	19.739854	13.518585	9.714593	30.306032	27.369967	17.631751
	32.649286	51.636130	19.739854	13.590921	9.703332	30.173522	27.482011	17.740526
	32.498531	51.464385	19.804856	13.554681	9.725872	30.306032	27.369967	17.686006
	33.186688	52.510857	19.837486	13.755794	9.920341	30.574095	27.708466	18.045194
	32.877723	51.808929	19.837486	13.718900	9.805317	30.372665	27.651554	17.822805
	33.031573	52.689072	19.903009	13.867372	9.978540	30.506695	27.822892	18.101479
	32.498531	51.808929	19.707482	13.682152	9.839634	30.439552	27.651554	17.850365
	32.877723	52.333745	19.610879	13.682152	9.885643	30.372665	27.594841	17.961285
	32.649286	52.689072	19.546901	13.663833	9.931944	30.506695	27.482011	17.933453
	32.649286	52.333745	19.578848	13.700507	9.931944	30.777852	27.538328	17.933453
	32.801268	52.333745	19.483259	13.774297	9.943565	30.506695	27.651554	18.045194
	32.649286	52.333745	19.578848	13.737329	9.978540	30.777852	27.594841	18.017155
	32.649286	51.982791	19.578848	13.848682	9.966863	30.641753	27.880409	18.073302
	32.801268	52.868401	19.419950	13.811415	10.037204	30.641753	27.765578	18.101479
	32.573756	53.048854	19.419950	13.811415	10.060801	30.846295	27.651554	18.073302
	32.725122	52.689072	19.578848	13.942509	10.108223	30.915003	27.938130	18.129726
	32.573756	52.510857	19.483259	13.923668	10.072628	30.506695	27.938130	18.243419
	32.649286	52.689072	19.515038	13.904864	10.167930	31.053218	27.996055	18.243419
	33.031573	53.230442	19.675196	14.094623	10.288801	31.262565	28.171072	18.416096
	32.954491	53.230442	19.642995	14.094623	10.288801	31.192511	28.229828	18.387136
	32.725122	53.048854	19.325605	13.961388	10.216044	30.846295	28.054187	18.387136
	32.725122	52.689072	19.294321	13.980306	10.167930	30.777852	28.054187	18.358249
	32.725122	53.230442	19.294321	14.018257	10.228121	30.846295	28.054187	18.329434
	32.348989	52.689072	19.356971	14.018257	10.216044	31.053218	28.054187	18.329434
	32.348989	52.868401	19.356971	14.056362	10.240218	31.122729	28.112525	18.329434
	32.649286	53.048854	19.356971	14.056362	10.252334	30.777852	28.112525	18.503413
	32.573756	52.868401	19.294321	14.094623	10.264470	30.846295	28.229828	18.503413
	32.423609	52.333745	19.356971	14.133040	10.252334	30.846295	28.347972	18.561992
	32.423609	53.413175	19.263118	14.056362	10.325446	31.122729	28.054187	18.503413
	32.573756	52.689072	19.388419	14.210347	10.325446	30.915003	28.407363	18.591392
	32.801268	53.048854	19.451563	14.347174	10.448902	31.262565	28.707548	18.739517
	32.801268	53.597065	19.263118	14.210347	10.448902	31.262565	28.466968	18.680041
	32.877723	53.597065	19.419950	14.268746	10.486336	31.474377	28.407363	18.650417
	32.423609	53.048854	19.231996	14.210347	10.399277	30.983977	28.526787	18.650417
	32.423609	53.230442	19.231996	14.210347	10.411653	31.053218	28.407363	18.709741
	32.274667	53.230442	19.263118	14.210347	10.436465	31.262565	28.466968	18.591392
	32.573756	53.413175	19.108312	14.229774	10.448902	31.262565	28.526787	18.650417
	32.423609	52.868401	19.263118	14.288292	10.436465	31.192511	28.647076	18.769368
	32.200644	53.048854	19.263118	14.249240	10.461360	31.332893	28.707548	18.739517
	32.200644	53.230442	19.139113	14.268746	10.486336	31.403496	28.586823	18.680041
	32.423609	53.413175	19.169993	14.327506	10.498855	31.122729	28.707548	18.829299
	32.954491	53.968359	19.294321	14.505991	10.663499	31.688699	28.951643	19.041490
	32.498531	53.968359	19.325605	14.466039	10.676312	31.832997	28.951643	18.950084
	32.274667	53.597065	19.263118	14.347174	10.561760	31.403496	28.707548	18.829299
	32.348989	53.597065	19.108312	14.288292	10.561760	31.616977	28.526787	18.799295
	32.573756	54.155785	19.046948	14.366882	10.625189	31.474377	28.768239	18.950084
	32.348989	53.230442	19.108312	14.406421	10.574404	31.262565	28.951643	18.889537
	32.348989	53.413175	19.169993	14.446125	10.587068	31.545537	28.951643	18.919772
	32.498531	54.155785	19.046948	14.366882	10.663499	31.545537	28.707548	18.919772
	32.423609	53.782123	19.108312	14.366882	10.637938	31.760705	28.951643	18.889537
	32.348989	53.782123	19.077590	14.366882	10.663499	31.760705	28.768239	18.919772
	32.348989	54.155785	19.016385	14.406421	10.714879	31.616977	28.768239	18.980474
	32.126916	53.413175	19.108312	14.426253	10.663499	31.688699	29.013226	19.010943
	32.126916	53.782123	19.016385	14.466039	10.714879	31.832997	28.951643	18.950084
	32.274667	53.782123	19.016385	14.526030	10.714879	31.545537	29.137069	19.102820
	32.274667	54.155785	18.985900	14.426253	10.766604	31.760705	28.890286	19.072116
	32.348989	53.968359	19.016385	14.546110	10.753640	31.545537	29.075034	19.133605
	32.274667	54.155785	19.016385	14.485994	10.753640	31.905576	28.890286	19.102820
	32.274667	53.968359	19.046948	14.586397	10.766604	31.616977	29.261825	19.102820
	32.274667	54.534252	18.925165	14.485994	10.818677	31.905576	29.013226	19.072116
	32.498531	54.534252	18.925165	14.566232	10.844845	31.832997	29.137069	19.133605
	32.274667	53.782123	19.046948	14.606604	10.766604	31.688699	29.324549	19.257543
	32.274667	54.534252	18.985900	14.526030	10.844845	32.051603	29.075034	19.102820
	32.200644	54.534252	18.894914	14.526030	10.857963	32.051603	29.013226	19.133605
	32.274667	54.725317	18.894914	14.546110	10.857963	31.905576	29.137069	19.226437
	32.573756	54.917619	19.016385	14.687856	10.963703	32.125054	29.261825	19.382776
	32.423609	54.155785	18.955493	14.626853	10.857963	31.832997	29.324549	19.288729
	32.274667	54.155785	18.985900	14.667479	10.871102	31.832997	29.450694	19.351345
	32.274667	54.155785	18.955493	14.606604	10.884264	32.198799	29.387505	19.226437
	32.053482	54.155785	18.985900	14.667479	10.923882	32.272840	29.324549	19.226437
	32.053482	54.344412	18.985900	14.667479	10.910654	32.272840	29.450694	19.288729
	32.423609	54.344412	18.864740	14.687856	10.923882	32.051603	29.450694	19.382776
	31.980340	53.968359	18.985900	14.708276	10.897448	32.125054	29.450694	19.351345
	32.274667	54.534252	18.925165	14.749246	10.950407	31.978444	29.641676	19.382776
	32.423609	54.917619	19.263118	14.935770	11.111465	32.421818	29.770188	19.573101
	32.126916	54.534252	18.925165	14.790389	10.937133	31.978444	29.641676	19.509326
	32.954491	55.111169	19.231996	14.998742	11.179555	32.572001	30.030120	19.734018
	32.200644	54.155785	18.925165	14.811025	10.977022	32.051603	29.770188	19.541171
	31.980340	54.155785	18.985900	14.811025	10.963703	32.198799	29.705812	19.414289
	32.274667	54.344412	19.046948	14.894011	11.043956	32.198799	29.899666	19.573101
	32.348989	54.917619	18.985900	14.831706	11.084392	32.572001	29.577779	19.509326
	32.126916	54.917619	18.894914	14.769796	11.030524	32.496758	29.514119	19.445885
	32.200644	55.111169	18.894914	14.769796	11.084392	32.421818	29.514119	19.541171
	32.274667	55.111169	18.834644	14.769796	11.097917	32.347179	29.577779	19.541171
	32.423609	55.305980	18.804624	14.831706	11.097917	32.347179	29.770188	19.573101
	32.126916	55.111169	18.864740	14.790389	11.097917	32.572001	29.577779	19.573101
	31.907489	54.917619	18.925165	14.831706	11.070891	32.347179	29.770188	19.573101
	32.200644	55.305980	18.834644	14.811025	11.138631	32.421818	29.641676	19.573101
	32.200644	54.917619	18.894914	14.873199	11.097917	32.421818	29.834806	19.573101
	32.200644	55.111169	18.985900	14.977706	11.193244	32.799567	29.964770	19.701664
	32.126916	54.725317	18.955493	14.935770	11.084392	32.496758	30.095716	19.637212
	32.126916	55.305980	18.864740	14.852430	11.152249	32.647549	29.641676	19.637212
	32.348989	54.917619	18.804624	14.914868	11.138631	32.572001	29.964770	19.734018
	32.348989	54.917619	18.774681	14.914868	11.152249	32.572001	29.899666	19.766457
	32.126916	54.725317	18.894914	14.977706	11.138631	32.421818	30.161561	19.701664
	32.348989	55.111169	18.804624	14.935770	11.165890	32.647549	30.030120	19.831596
	31.980340	55.111169	18.864740	14.956716	11.179555	32.799567	30.030120	19.637212
	31.907489	55.111169	18.864740	14.956716	11.179555	32.723404	30.030120	19.669396
	32.126916	54.725317	18.925165	14.998742	11.165890	32.572001	30.227656	19.766457
	32.126916	55.305980	18.864740	14.935770	11.179555	32.799567	29.834806	19.669396
	31.980340	54.725317	18.925165	14.998742	11.179555	32.723404	30.095716	19.734018
	32.274667	55.898102	19.139113	15.190105	11.373366	32.952828	30.360600	20.029110
	32.053482	54.917619	18.834644	14.956716	11.248234	32.876042	29.899666	19.734018
	32.274667	55.898102	18.744814	15.019822	11.262042	32.647549	30.030120	19.798983
	32.126916	54.917619	18.925165	15.062119	11.206956	32.799567	30.294001	19.864296
	32.274667	55.502064	18.834644	15.040948	11.248234	32.647549	30.227656	19.897082
	32.053482	55.699434	18.744814	14.998742	11.275873	32.799567	30.030120	19.864296
	32.053482	55.111169	18.804624	15.104598	11.262042	32.572001	30.360600	19.929957
	32.126916	55.305980	18.864740	15.019822	11.262042	32.952828	30.095716	19.798983
	32.274667	55.305980	18.774681	15.062119	11.275873	32.876042	30.294001	19.962919
	32.274667	56.098082	18.774681	15.062119	11.317510	32.876042	30.294001	19.929957
	31.907489	54.917619	18.864740	15.147259	11.248234	32.876042	30.427452	19.897082
	32.053482	56.098082	18.744814	15.040948	11.317510	32.876042	30.227656	19.929957
	31.907489	55.305980	18.894914	15.083336	11.275873	32.952828	30.494559	19.929957
	31.980340	55.305980	18.864740	15.147259	11.275873	32.876042	30.494559	19.897082
	32.498531	55.699434	19.108312	15.407140	11.500476	33.185084	30.902651	20.331417
	32.573756	55.898102	19.016385	15.276354	11.457883	33.107348	30.697429	20.229830
	32.126916	55.111169	18.834644	15.233136	11.359365	32.876042	30.697429	20.162562
	31.980340	55.699434	18.774681	15.062119	11.345389	33.185084	30.294001	19.897082
	31.980340	56.098082	18.744814	15.104598	11.387390	33.107348	30.294001	19.995970
	31.907489	55.699434	18.774681	15.190105	11.373366	33.263140	30.494559	19.962919
	32.053482	55.699434	18.804624	15.190105	11.373366	32.952828	30.561924	20.129064
	32.053482	56.299386	18.804624	15.125906	11.415513	33.263140	30.427452	20.062338
	31.980340	55.699434	18.774681	15.125906	11.387390	33.341519	30.427452	19.962919
	32.053482	55.305980	18.774681	15.233136	11.345389	32.952828	30.697429	20.062338
	31.980340	55.305980	18.894914	15.276354	11.359365	33.029930	30.765573	20.162562
	31.980340	55.502064	18.894914	15.276354	11.373366	33.185084	30.765573	20.095656
	32.053482	55.502064	18.864740	15.276354	11.373366	33.107348	30.833980	20.162562
	32.200644	55.898102	18.804624	15.233136	11.415513	33.029930	30.629547	20.196151
	32.200644	56.098082	18.715023	15.254722	11.443735	33.263140	30.697429	20.263600
	32.200644	55.699434	18.685307	15.254722	11.443735	33.263140	30.697429	20.129064
	32.126916	56.502027	18.715023	15.276354	11.472056	33.263140	30.833980	20.229830
	32.053482	56.299386	18.774681	15.276354	11.457883	33.499251	30.833980	20.095656
	31.980340	55.502064	18.894914	15.341534	11.429612	33.420222	30.971589	20.196151
	31.762652	56.098082	18.864740	15.276354	11.472056	33.499251	30.833980	20.196151
	32.423609	56.502027	19.046948	15.495285	11.687670	33.899365	31.250028	20.433835
	32.423609	56.299386	18.834644	15.429104	11.543294	33.578609	31.110267	20.365463
	32.348989	56.706019	19.046948	15.517443	11.658590	33.980396	31.180012	20.399603
	32.053482	56.706019	18.774681	15.341534	11.586339	33.738318	30.833980	20.263600
	31.980340	56.299386	18.804624	15.363355	11.500476	33.263140	31.180012	20.331417
	31.980340	56.502027	18.804624	15.429104	11.514723	33.341519	31.180012	20.365463
	32.053482	56.911376	18.774681	15.276354	11.557617	33.738318	30.902651	20.263600
	31.980340	56.502027	18.774681	15.429104	11.528996	33.420222	31.180012	20.399603
	32.274667	56.911376	18.715023	15.385223	11.571965	33.578609	31.110267	20.297463
	31.980340	56.098082	18.804624	15.451116	11.514723	33.420222	31.250028	20.331417
	32.126916	56.911376	18.744814	15.407140	11.586339	33.578609	31.040793	20.365463
	32.126916	56.299386	18.774681	15.407140	11.557617	33.658297	31.110267	20.365463
	32.053482	56.706019	18.864740	15.451116	11.586339	33.499251	31.180012	20.399603
	32.423609	57.535770	18.864740	15.561903	11.716854	33.899365	31.390884	20.537095
	32.423609	56.706019	18.864740	15.561903	11.673117	33.899365	31.390884	20.537095
	31.907489	56.502027	18.774681	15.385223	11.586339	33.899365	31.040793	20.331417
	31.834927	56.911376	18.864740	15.451116	11.600738	33.738318	31.250028	20.331417
	31.762652	56.706019	18.774681	15.451116	11.600738	33.980396	31.390884	20.331417
	31.980340	56.706019	18.834644	15.539649	11.600738	33.658297	31.461727	20.537095
	31.980340	56.706019	18.804624	15.539649	11.615163	33.658297	31.390884	20.537095
	31.980340	56.502027	18.834644	15.539649	11.629613	33.658297	31.604251	20.537095
	32.126916	57.326237	18.715023	15.539649	11.673117	33.899365	31.390884	20.502581
	31.980340	57.326237	18.744814	15.451116	11.687670	33.980396	31.250028	20.468161
	32.126916	57.326237	18.744814	15.539649	11.687670	33.980396	31.250028	20.502581
	32.126916	56.911376	18.744814	15.539649	11.673117	34.061767	31.461727	20.537095
	31.980340	56.502027	18.925165	15.606560	11.644088	33.980396	31.675934	20.537095
	31.980340	56.911376	18.804624	15.517443	11.687670	34.143482	31.390884	20.468161
	32.274667	57.746724	19.108312	15.832830	11.924087	34.725276	31.892694	20.746181
	32.348989	56.911376	19.139113	15.901697	11.864345	34.473815	32.185758	20.852028
	31.980340	57.535770	18.744814	15.539649	11.746142	34.307949	31.461727	20.537095
	31.907489	56.911376	18.834644	15.673916	11.702249	33.980396	31.820155	20.641207
	31.907489	57.118111	18.834644	15.696467	11.716854	33.980396	31.675934	20.711093
	31.980340	57.746724	18.834644	15.584207	11.760825	34.473815	31.604251	20.537095
	32.126916	57.118111	18.744814	15.651414	11.760825	34.143482	31.747902	20.746181
	31.980340	57.959112	18.864740	15.628962	11.790270	34.473815	31.604251	20.606407
	32.126916	57.746724	18.774681	15.696467	11.760825	34.307949	31.820155	20.676102
	31.980340	56.911376	18.834644	15.741719	11.731485	34.143482	32.038642	20.676102
	31.980340	57.326237	18.864740	15.741719	11.775534	34.225542	32.112053	20.711093
	32.053482	57.959112	18.744814	15.719068	11.805032	34.390706	31.892694	20.816648
	32.126916	57.959112	18.774681	15.696467	11.819820	34.473815	31.965523	20.746181
	31.980340	57.959112	18.864740	15.651414	11.834635	34.641098	31.892694	20.676102
	32.348989	57.746724	18.955493	15.832830	11.864345	34.390706	32.112053	20.923084
	31.762652	56.911376	18.894914	15.741719	11.790270	34.473815	32.185758	20.781366
	31.907489	58.172950	18.774681	15.696467	11.864345	34.641098	31.820155	20.711093
	31.980340	56.911376	18.925165	15.832830	11.805032	34.557278	32.259759	20.816648
	31.907489	57.746724	18.864740	15.741719	11.849477	34.809815	32.038642	20.852028
	32.126916	57.746724	18.864740	15.809976	11.849477	34.725276	32.185758	20.887507
	31.834927	57.326237	18.955493	15.809976	11.834635	34.641098	32.259759	20.746181
	31.762652	57.326237	18.985900	15.809976	11.849477	34.641098	32.259759	20.887507
	31.980340	58.172950	18.894914	15.809976	11.909111	34.979986	32.112053	20.781366
	31.907489	57.959112	18.864740	15.947866	11.894162	34.641098	32.483554	20.994536
	32.126916	58.388252	18.804624	15.809976	11.954120	34.809815	32.259759	20.958760
	31.762652	58.172950	18.894914	15.878690	11.939090	35.065622	32.408655	20.887507
	31.980340	57.746724	19.108312	16.064199	11.999372	34.979986	32.786198	21.066388
	32.423609	59.043099	19.108312	16.087623	12.182870	35.324763	32.710076	21.284374
	31.834927	57.746724	18.985900	15.901697	11.924087	35.065622	32.483554	20.958760
	32.126916	58.823312	18.894914	15.994242	12.060094	35.065622	32.634263	21.102464
	31.980340	58.388252	18.894914	16.017509	11.969177	34.809815	32.786198	21.102464
