	34.226877	78.654455	24.504079	26.143063	21.787690	52.106896	51.733115	43.768837
	33.981796	79.033302	24.457869	25.937939	21.940783	52.637215	51.560774	43.768837
	33.981796	78.654455	24.457869	26.194774	21.787690	51.758766	52.256532	44.025142
	33.981796	79.415608	24.411804	25.937939	21.864016	52.637215	51.560774	43.641693
	33.900787	77.538208	24.457869	26.246659	21.711802	51.758766	52.256532	44.025142
	33.981796	79.415608	24.504079	25.937939	21.902344	52.459345	51.560774	43.389395
	33.820116	78.654455	24.550437	26.091525	21.864016	52.106896	51.733115	43.641693
	33.981796	78.279021	24.504079	25.988964	21.825798	52.637215	51.389482	43.515214
	33.981796	78.654455	24.504079	26.040159	21.825798	52.816195	51.560774	43.515214
	33.900787	79.415608	24.504079	26.040159	21.940783	52.637215	51.560774	43.515214
	33.981796	78.654455	24.504079	25.988964	21.825798	52.637215	51.389482	43.389395
	34.063146	77.906953	24.504079	26.298718	21.749692	51.758766	52.433169	43.768837
	33.900787	79.415608	24.457869	26.040159	21.940783	52.637215	51.389482	43.768837
	33.820116	77.906953	24.596942	26.091525	21.749692	52.106896	52.080985	43.768837
	34.226877	78.654455	24.457869	26.143063	21.787690	52.106896	51.906515	43.641693
	33.981796	77.538208	24.550437	26.246659	21.749692	51.932296	52.433169	43.768837
	33.900787	78.654455	24.596942	26.246659	21.902344	52.106896	51.733115	43.768837
	33.981796	77.538208	24.596942	26.246659	21.749692	52.282575	52.433169	43.768837
	34.309263	78.654455	24.784450	26.403364	22.095656	52.996296	52.256532	43.768837
	34.391998	79.033302	24.784450	26.403364	22.095656	52.996296	52.256532	43.768837
	34.558525	78.654455	24.596942	26.403364	22.056769	52.637215	52.256532	44.154314
	33.820116	77.538208	24.643595	26.194774	21.787690	52.282575	51.906515	43.768837
	34.475084	80.190790	24.879107	26.455953	22.291798	53.177529	52.080985	44.154314
	33.820116	77.538208	24.550437	26.091525	21.711802	52.106896	51.733115	43.641693
	34.063146	79.415608	24.411804	25.937939	21.864016	52.637215	51.389482	43.641693
	33.900787	77.172739	24.457869	26.194774	21.711802	51.758766	52.256532	44.025142
	33.981796	77.538208	24.550437	26.246659	21.787690	52.282575	52.433169	43.641693
	34.063146	78.279021	24.457869	25.988964	21.825798	52.459345	51.389482	43.641693
	34.226877	78.654455	24.365884	26.143063	21.825798	52.282575	51.906515	44.025142
	33.739782	77.906953	24.550437	26.246659	21.787690	52.282575	52.433169	43.768837
	33.820116	77.906953	24.550437	26.091525	21.787690	52.282575	51.906515	43.768837
	34.144839	78.654455	24.411804	26.194774	21.864016	52.459345	52.080985	43.768837
	33.820116	78.654455	24.550437	26.091525	21.940783	52.459345	50.548435	43.768837
	34.226877	80.190790	24.504079	25.338615	22.056769	50.906828	45.710702	43.389395
	33.981796	79.801421	24.550437	23.849366	21.636347	47.444728	39.750697	41.811547
	34.226877	77.538208	24.457869	22.183344	20.382353	42.990855	35.309972	40.114920
	33.739782	76.451462	24.596942	20.389779	18.489509	39.342978	32.038642	37.546505
	34.144839	75.046372	24.365884	18.671410	16.155001	36.396007	29.899666	35.084012
	33.981796	72.701102	24.411804	17.199326	13.922197	34.641098	28.112525	32.363529
	34.144839	70.184213	24.228991	16.111099	11.969177	32.952828	27.148202	29.991293
	34.144839	66.425858	24.138442	15.147259	10.436465	31.688699	26.290987	27.618560
	33.739782	64.294917	24.228991	14.426253	9.309341	30.983977	25.627751	25.549618
	34.063146	61.804319	24.093380	13.867372	8.516020	30.107643	25.184974	23.861822
	33.820116	60.394440	24.093380	13.357904	7.971055	29.717535	24.707922	22.312761
	33.580114	58.172950	24.048459	13.027825	7.566409	29.210794	24.521338	21.066388
	33.820116	57.118111	24.003678	12.693164	7.318533	28.962979	24.200451	20.062338
	33.739782	55.699434	23.914532	12.498365	7.118233	28.658256	24.245860	19.164469
	33.820116	54.155785	23.870167	12.339334	6.968642	28.299793	24.245860	18.620867
	34.063146	53.597065	23.694072	12.136939	6.909860	28.123436	24.110059	18.017155
	34.391998	53.413175	24.048459	12.198701	7.013120	28.537906	24.291412	17.658846
	33.820116	52.333745	23.737892	11.954334	6.822790	27.833658	24.155184	17.026206
	33.820116	51.464385	23.606837	11.909300	6.801226	27.833658	24.200451	16.748058
	33.739782	51.636130	23.650387	11.834782	6.822790	27.948953	24.155184	16.404186
	34.063146	51.636130	23.959036	11.969400	6.946529	28.240797	24.521338	16.404186
	33.820116	50.955375	23.476984	11.834782	6.873422	27.833658	24.382947	16.094605
	33.981796	51.293684	23.305688	11.775648	6.931834	28.065068	24.291412	15.931640
	33.981796	51.124017	23.263189	11.790392	6.976031	28.123436	24.521338	15.862577
	33.820116	50.621131	23.305688	11.879412	7.020566	28.065068	24.707922	15.816792
	33.900787	50.621131	23.305688	11.819959	7.072955	28.418422	24.707922	15.635671
	33.900787	50.787750	23.220819	11.834782	7.141003	28.537906	24.754940	15.635671
	33.820116	50.455509	23.136463	11.864509	7.202155	28.597973	24.896903	15.546304
	33.659782	50.127223	23.220819	11.954334	7.271710	28.658256	25.136574	15.635671
	33.580114	50.455509	23.136463	11.999613	7.334222	28.658256	25.233532	15.613255
	33.659782	50.787750	23.010880	12.045139	7.413287	28.901590	25.380157	15.635671
	33.820116	50.787750	22.927786	12.136939	7.493398	28.779481	25.478708	15.703215
	33.820116	50.787750	22.927786	12.121569	7.590941	29.210794	25.528226	15.658136
	33.820116	50.787750	22.927786	12.245320	7.640300	28.901590	25.879455	15.816792
	33.659782	50.955375	22.927786	12.276542	7.731828	29.210794	25.930297	15.839659
	34.063146	51.464385	22.722214	12.307880	7.841764	29.336076	25.930297	15.908568
	33.900787	51.636130	22.681466	12.370905	7.927663	29.399064	26.135371	15.954764
	33.900787	51.808929	22.722214	12.418480	8.014746	29.717535	26.135371	16.001169
	33.900787	51.982791	22.681466	12.498365	8.085282	29.781945	26.290987	16.047782
	33.900787	51.464385	22.640839	12.562811	8.147646	29.911490	26.448182	16.118096
	33.820116	52.157727	22.640839	12.611464	8.255984	30.042012	26.500935	16.260165
	33.739782	51.636130	22.559946	12.709597	8.329230	30.042012	26.767405	16.284032
	33.820116	52.333745	22.439500	12.759082	8.440665	30.107643	26.821246	16.428383
	34.558525	52.689072	22.886425	13.096309	8.688769	30.574095	27.425891	16.798099
	34.144839	52.689072	22.763083	13.113513	8.757176	30.777852	27.482011	16.798099
	34.144839	52.333745	22.600333	13.148020	8.806467	30.709672	27.482011	16.798099
	34.558525	52.868401	22.722214	13.269855	8.946423	30.641753	27.708466	17.103321
	33.900787	52.689072	22.640839	13.200032	8.926252	30.709672	27.594841	16.924231
	33.981796	52.333745	22.681466	13.322581	9.027708	30.846295	27.938130	17.077556
	34.309263	53.230442	22.640839	13.428967	9.214188	31.262565	27.938130	17.233070
	33.659782	52.333745	22.399587	13.287396	9.099631	30.846295	27.765578	17.051851
	33.820116	52.333745	22.241104	13.375617	9.151468	30.709672	27.938130	17.180986
	33.820116	52.868401	22.280551	13.464708	9.256318	30.777852	28.054187	17.337987
	33.820116	53.048854	22.241104	13.554681	9.352050	30.915003	28.288794	17.470552
	33.900787	53.782123	22.162555	13.518585	9.459971	31.122729	28.054187	17.497257
	33.659782	53.230442	22.241104	13.572783	9.470854	31.122729	28.171072	17.497257
	33.739782	53.230442	22.123453	13.645550	9.503605	30.983977	28.347972	17.631751
	33.500777	52.689072	22.162555	13.663833	9.569562	31.262565	28.288794	17.604722
	33.900787	53.413175	22.084464	13.755794	9.714593	31.545537	28.466968	17.713233
	33.739782	53.230442	22.006825	13.792838	9.692089	31.192511	28.586823	17.740526
	34.144839	54.344412	22.162555	13.904864	9.931944	31.760705	28.586823	17.989186
	33.900787	54.155785	21.891206	13.792838	9.874114	31.403496	28.466968	17.905689
	33.500777	53.597065	21.852889	13.886099	9.897191	31.403496	28.586823	17.961285
	33.500777	53.413175	22.006825	13.942509	9.931944	31.545537	28.707548	18.073302
	34.063146	54.344412	22.162555	14.190961	10.143990	31.688699	29.199332	18.272019
	33.500777	53.968359	21.852889	14.037290	10.072628	31.688699	28.890286	18.214889
	33.900787	54.534252	21.814682	14.113812	10.191948	31.688699	28.951643	18.329434
	33.981796	54.725317	21.852889	14.210347	10.300996	31.978444	29.137069	18.445129
	33.659782	54.155785	21.814682	14.094623	10.252334	31.978444	28.829151	18.300690
	33.659782	53.597065	21.891206	14.249240	10.252334	31.760705	29.137069	18.416096
	33.820116	54.534252	21.700718	14.249240	10.362271	31.832997	28.951643	18.561992
	33.739782	54.917619	21.738597	14.249240	10.399277	32.125054	29.075034	18.503413
	33.580114	54.155785	21.852889	14.307879	10.386922	31.978444	29.199332	18.650417
	33.739782	54.917619	21.625284	14.288292	10.461360	31.978444	29.075034	18.680041
	33.580114	53.968359	21.776585	14.386631	10.461360	32.051603	29.261825	18.709741
	33.820116	54.344412	21.550281	14.406421	10.536536	32.051603	29.261825	18.799295
	33.659782	54.725317	21.625284	14.366882	10.574404	32.272840	29.387505	18.769368
	33.659782	54.917619	21.512939	14.446125	10.625189	32.051603	29.261825	18.859379
	33.580114	54.725317	21.550281	14.505991	10.637938	32.347179	29.387505	18.859379
	33.421767	54.917619	21.625284	14.526030	10.663499	32.272840	29.514119	18.919772
	33.659782	54.917619	21.438573	14.505991	10.727778	32.347179	29.450694	18.980474
	33.580114	55.305980	21.550281	14.526030	10.779590	32.421818	29.514119	19.010943
	33.739782	55.305980	21.401548	14.626853	10.805626	32.272840	29.641676	19.133605
	33.580114	55.111169	21.512939	14.586397	10.818677	32.421818	29.514119	19.164469
	33.739782	54.725317	21.475703	14.687856	10.818677	32.272840	29.641676	19.195413
	33.580114	54.725317	21.438573	14.769796	10.831750	32.198799	29.899666	19.257543
	33.580114	54.917619	21.401548	14.708276	10.884264	32.572001	29.705812	19.226437
	33.500777	55.111169	21.438573	14.790389	10.910654	32.272840	30.030120	19.414289
	33.580114	54.725317	21.475703	14.831706	10.923882	32.421818	30.030120	19.351345
	33.500777	55.111169	21.401548	14.852430	10.977022	32.347179	30.095716	19.414289
	33.500777	55.111169	21.401548	14.811025	11.003727	32.347179	29.899666	19.509326
	33.739782	55.699434	21.254492	14.852430	11.057412	32.421818	29.964770	19.477564
	33.739782	55.699434	21.254492	14.831706	11.070891	32.572001	29.770188	19.477564
	33.343084	55.305980	21.401548	14.873199	11.084392	32.572001	30.030120	19.573101
	33.500777	55.305980	21.327812	14.935770	11.097917	32.347179	30.161561	19.637212
	33.659782	55.898102	21.217986	14.894011	11.165890	32.572001	29.899666	19.605114
	33.580114	55.305980	21.181583	14.935770	11.152249	32.647549	30.030120	19.701664
	33.500777	56.098082	21.254492	14.914868	11.193244	32.876042	29.964770	19.605114
	33.343084	55.305980	21.291101	14.977706	11.179555	32.647549	30.095716	19.669396
	33.343084	55.502064	21.217986	14.998742	11.206956	32.723404	30.227656	19.701664
	33.421767	55.699434	21.217986	14.956716	11.262042	32.876042	30.095716	19.701664
	33.264725	55.502064	21.291101	15.040948	11.262042	32.723404	30.227656	19.798983
	33.343084	55.305980	21.145283	15.040948	11.275873	32.496758	30.294001	19.897082
	33.580114	55.898102	21.109083	15.040948	11.331438	32.876042	30.161561	19.864296
	33.186688	54.917619	21.217986	15.083336	11.275873	32.723404	30.294001	19.798983
	33.659782	55.502064	21.036988	15.104598	11.331438	32.799567	30.294001	19.995970
	33.343084	56.098082	21.036988	15.062119	11.387390	33.029930	30.294001	19.864296
	33.580114	55.699434	21.181583	15.147259	11.415513	33.185084	30.360600	19.929957
	33.820116	55.898102	21.364628	15.319760	11.600738	33.499251	30.765573	20.229830
	33.500777	55.699434	21.254492	15.319760	11.500476	32.952828	30.629547	20.229830
	33.186688	55.502064	21.181583	15.190105	11.401440	32.952828	30.427452	20.062338
	33.343084	55.699434	21.181583	15.298034	11.543294	33.263140	30.629547	20.129064
	33.580114	56.098082	21.036988	15.233136	11.557617	33.029930	30.427452	20.196151
	33.820116	56.098082	21.109083	15.363355	11.571965	33.107348	30.697429	20.331417
	33.739782	56.098082	21.291101	15.473176	11.644088	33.107348	30.833980	20.468161
	33.186688	55.699434	20.965295	15.233136	11.500476	33.107348	30.494559	20.062338
	33.820116	56.502027	21.036988	15.363355	11.615163	33.029930	30.629547	20.263600
	33.820116	56.299386	21.181583	15.495285	11.673117	33.107348	30.833980	20.468161
	33.820116	56.299386	21.036988	15.385223	11.673117	33.185084	30.629547	20.331417
	33.343084	54.917619	20.929598	15.276354	11.472056	32.876042	30.629547	20.162562
	33.108972	55.502064	20.894000	15.211598	11.514723	32.876042	30.494559	20.162562
	33.900787	56.502027	20.965295	15.385223	11.731485	33.185084	30.697429	20.399603
	33.264725	55.699434	20.894000	15.254722	11.571965	32.876042	30.629547	20.196151
	33.820116	56.299386	20.823100	15.363355	11.687670	33.107348	30.833980	20.433835
	33.580114	56.299386	21.072985	15.517443	11.790270	33.341519	31.040793	20.502581
	33.739782	56.502027	20.965295	15.407140	11.790270	33.499251	30.833980	20.468161
	33.500777	55.699434	20.752591	15.298034	11.600738	32.876042	30.697429	20.297463
	33.343084	56.299386	20.717483	15.276354	11.658590	33.185084	30.561924	20.263600
	33.500777	56.098082	21.036988	15.473176	11.790270	33.341519	30.971589	20.399603
	33.580114	56.299386	20.647556	15.276354	11.687670	33.107348	30.629547	20.297463
	33.264725	55.898102	20.717483	15.407140	11.673117	32.952828	31.040793	20.399603
	33.108972	55.305980	20.787797	15.341534	11.644088	33.185084	30.833980	20.331417
	33.186688	55.502064	20.682472	15.407140	11.658590	32.952828	31.040793	20.331417
	33.264725	55.305980	20.787797	15.451116	11.673117	33.263140	31.110267	20.399603
	33.739782	56.502027	21.001092	15.584207	11.924087	33.818673	31.110267	20.711093
	33.500777	56.706019	20.682472	15.451116	11.834635	33.341519	30.971589	20.537095
	33.500777	56.299386	20.823100	15.561903	11.819820	33.185084	31.250028	20.606407
	33.031573	56.098082	20.752591	15.407140	11.760825	33.263140	30.971589	20.365463
	33.264725	55.699434	20.787797	15.539649	11.775534	33.341519	31.250028	20.537095
	33.186688	55.502064	20.647556	15.495285	11.716854	33.029930	31.180012	20.571704
	33.186688	56.098082	20.717483	15.517443	11.864345	33.499251	31.180012	20.606407
	33.031573	56.098082	20.647556	15.451116	11.790270	33.499251	31.040793	20.433835
	32.954491	55.699434	20.682472	15.473176	11.790270	33.341519	31.110267	20.537095
	33.421767	56.502027	20.752591	15.584207	11.894162	33.263140	31.320319	20.746181
	33.186688	55.502064	20.682472	15.539649	11.790270	33.185084	31.320319	20.641207
	33.500777	56.706019	20.929598	15.741719	12.029678	33.818673	31.604251	20.923084
	32.954491	56.098082	20.682472	15.517443	11.834635	33.420222	31.110267	20.571704
	33.343084	56.098082	20.612737	15.517443	11.834635	33.341519	31.250028	20.571704
	33.186688	56.299386	20.823100	15.651414	11.924087	33.578609	31.390884	20.676102
	33.264725	55.699434	20.717483	15.651414	11.879241	33.578609	31.532849	20.676102
	33.186688	56.502027	20.612737	15.517443	11.879241	33.738318	31.110267	20.606407
	33.343084	56.299386	20.682472	15.606560	11.969177	33.818673	31.320319	20.711093
	33.186688	56.502027	20.578013	15.561903	11.894162	33.341519	31.390884	20.781366
	33.108972	56.299386	20.543385	15.584207	11.909111	33.341519	31.250028	20.746181
	33.108972	56.098082	20.543385	15.651414	11.879241	33.341519	31.461727	20.711093
	33.031573	56.098082	20.647556	15.606560	11.879241	33.658297	31.390884	20.711093
	33.186688	56.098082	20.508851	15.673916	11.894162	33.420222	31.675934	20.816648
	33.186688	56.911376	20.474411	15.561903	11.969177	33.658297	31.250028	20.746181
	32.954491	56.299386	20.612737	15.628962	11.909111	33.658297	31.390884	20.781366
	32.954491	56.502027	20.578013	15.628962	11.969177	33.818673	31.532849	20.711093
	33.186688	56.502027	20.508851	15.719068	11.954120	33.499251	31.675934	20.852028
	33.343084	57.118111	20.405814	15.628962	11.999372	33.658297	31.320319	20.781366
	33.186688	57.118111	20.543385	15.628962	12.014511	33.899365	31.320319	20.711093
	33.264725	56.706019	20.508851	15.673916	11.984261	33.499251	31.532849	20.887507
	33.264725	56.706019	20.508851	15.719068	11.999372	33.738318	31.604251	20.852028
	33.031573	56.911376	20.474411	15.764421	11.999372	33.658297	31.604251	20.958760
	33.343084	56.706019	20.474411	15.719068	11.999372	33.738318	31.675934	20.923084
	32.877723	56.706019	20.578013	15.719068	12.029678	33.818673	31.604251	20.816648
	33.108972	56.502027	20.578013	15.787173	11.999372	33.818673	31.892694	20.887507
	33.108972	56.911376	20.474411	15.696467	12.029678	34.061767	31.604251	20.852028
	32.954491	56.706019	20.440066	15.764421	12.044872	33.980396	31.747902	20.852028
	33.031573	56.502027	20.474411	15.809976	12.029678	33.658297	31.892694	21.030412
	32.877723	56.299386	20.543385	15.832830	12.029678	33.899365	31.965523	20.958760
	33.108972	57.118111	20.474411	15.832830	12.075343	33.818673	31.965523	21.066388
	33.031573	56.502027	20.440066	15.832830	12.060094	33.738318	31.965523	20.958760
	32.877723	56.911376	20.474411	15.809976	12.090620	34.225542	31.892694	20.887507
	32.954491	56.911376	20.440066	15.809976	12.105925	34.143482	31.892694	20.958760
	32.954491	56.911376	20.508851	15.832830	12.121258	33.899365	31.965523	20.923084
	33.343084	56.911376	20.440066	15.832830	12.121258	33.980396	31.892694	20.994536
	32.877723	56.706019	20.543385	15.832830	12.136619	34.061767	31.965523	21.030412
	33.031573	57.118111	20.474411	15.901697	12.136619	33.818673	32.259759	21.138642
	33.264725	57.118111	20.440066	15.855734	12.152008	33.980396	32.038642	21.138642
	33.108972	57.535770	20.371655	15.809976	12.198344	34.390706	31.892694	20.994536
	33.264725	57.535770	20.371655	15.878690	12.167425	34.143482	32.038642	21.066388
	33.186688	57.326237	20.337589	15.878690	12.167425	34.143482	32.112053	21.102464
	33.031573	57.118111	20.405814	15.901697	12.182870	34.390706	32.112053	21.066388
	32.954491	57.326237	20.405814	15.924756	12.182870	34.225542	32.038642	21.138642
	33.108972	57.326237	20.405814	15.971028	12.182870	33.980396	32.112053	21.247787
	33.108972	56.706019	20.440066	15.994242	12.167425	34.225542	32.334058	21.138642
	33.031573	58.172950	20.371655	15.901697	12.244936	34.307949	32.038642	21.174921
	32.877723	56.706019	20.474411	15.947866	12.182870	34.307949	32.259759	21.174921
	32.954491	57.326237	20.405814	15.901697	12.229377	34.473815	32.112053	21.211303
	33.264725	57.535770	20.337589	15.994242	12.260524	34.307949	32.259759	21.211303
	32.954491	57.326237	20.405814	15.971028	12.260524	34.390706	32.334058	21.211303
	33.031573	57.535770	20.405814	16.040827	12.260524	34.143482	32.483554	21.247787
	33.031573	57.326237	20.405814	15.947866	12.307459	34.557278	32.259759	21.174921
	33.031573	57.535770	20.405814	15.971028	12.276140	34.557278	32.408655	21.174921
	33.264725	57.959112	20.337589	16.017509	12.307459	34.473815	32.334058	21.284374
	32.877723	57.326237	20.440066	16.040827	12.244936	34.473815	32.558756	21.284374
	33.031573	57.118111	20.440066	16.111099	12.260524	34.557278	32.710076	21.321064
	33.108972	57.326237	20.405814	16.134629	12.276140	34.473815	32.710076	21.431758
	32.954491	57.326237	20.405814	16.111099	12.291785	34.557278	32.710076	21.394756
	33.031573	57.959112	20.405814	16.040827	12.370446	34.894718	32.483554	21.247787
	32.877723	57.535770	20.474411	16.087623	12.323162	34.641098	32.786198	21.357858
	33.108972	58.388252	20.303615	16.064199	12.402114	34.894718	32.558756	21.321064
	32.954491	57.326237	20.405814	16.181849	12.338894	34.473815	32.862630	21.506080
	33.031573	57.959112	20.405814	16.229284	12.370446	34.557278	32.862630	21.468866
	33.031573	58.172950	20.405814	16.087623	12.386266	34.979986	32.634263	21.394756
	32.801268	57.326237	20.474411	16.158213	12.370446	34.725276	32.939375	21.394756
	33.031573	58.605034	20.405814	16.134629	12.449838	35.065622	32.710076	21.468866
	33.031573	58.605034	20.337589	16.134629	12.449838	35.151629	32.710076	21.468866
	32.877723	58.172950	20.508851	16.229284	12.433901	34.894718	32.939375	21.394756
	32.877723	57.746724	20.474411	16.205540	12.402114	34.979986	33.016433	21.506080
	33.264725	58.172950	20.405814	16.276934	12.465805	34.979986	33.016433	21.506080
	32.801268	57.746724	20.474411	16.253082	12.433901	35.065622	33.171501	21.506080
	33.186688	58.388252	20.405814	16.300841	12.481802	34.809815	33.093808	21.655997
	32.801268	57.746724	20.474411	16.276934	12.449838	35.151629	33.093808	21.506080
	33.500777	59.043099	20.647556	16.542940	12.676117	35.675585	33.485494	21.769566
	33.500777	59.487269	20.682472	16.494074	12.741869	35.764253	33.327850	21.884118
	33.343084	58.605034	20.787797	16.592031	12.708931	35.587304	33.564808	21.845824
	33.031573	57.959112	20.405814	16.397015	12.497829	34.979986	33.406509	21.618357
	33.186688	58.823312	20.682472	16.518479	12.676117	35.499409	33.485494	21.731601
	32.954491	58.605034	20.405814	16.421197	12.562236	35.151629	33.564808	21.769566
	33.031573	59.043099	20.337589	16.300841	12.594621	35.587304	33.249515	21.618357
	33.031573	58.172950	20.474411	16.469726	12.546089	35.151629	33.644452	21.807640
	32.877723	58.172950	20.543385	16.421197	12.562236	35.499409	33.564808	21.618357
	33.264725	58.823312	20.337589	16.421197	12.610859	35.411896	33.485494	21.731601
	33.186688	59.043099	20.371655	16.445434	12.627128	35.411896	33.564808	21.884118
	33.031573	58.605034	20.508851	16.542940	12.610859	35.499409	33.804738	21.769566
	32.801268	58.388252	20.543385	16.469726	12.643427	35.499409	33.724428	21.807640
	33.031573	59.711683	20.405814	16.445434	12.692509	35.764253	33.485494	21.845824
	33.031573	59.043099	20.440066	16.469726	12.659757	35.942763	33.485494	21.845824
	33.186688	59.711683	20.371655	16.518479	12.741869	35.675585	33.804738	21.845824
	33.031573	58.388252	20.440066	16.592031	12.659757	35.499409	33.966370	21.961038
	33.031573	59.711683	20.405814	16.494074	12.758385	35.942763	33.724428	21.884118
	33.186688	59.264413	20.371655	16.616662	12.725385	35.853312	33.885384	21.884118
	32.801268	58.823312	20.543385	16.592031	12.692509	35.764253	34.129364	21.922523
	33.264725	59.937672	20.371655	16.542940	12.791511	35.853312	33.804738	21.999666
	32.954491	59.264413	20.440066	16.666094	12.758385	35.764253	34.211378	22.077257
	33.031573	58.823312	20.543385	16.690897	12.741869	36.032610	34.293739	21.999666
	32.801268	59.487269	20.474411	16.641349	12.791511	36.213502	34.129364	21.922523
	32.801268	59.043099	20.543385	16.666094	12.758385	36.032610	34.129364	21.999666
	33.186688	59.487269	20.474411	16.690897	12.808121	35.853312	34.129364	22.116222
	32.877723	59.487269	20.474411	16.690897	12.824763	36.122856	34.211378	22.077257
	33.031573	59.043099	20.474411	16.790685	12.808121	36.032610	34.459511	22.077257
	32.801268	59.043099	20.578013	16.740675	12.791511	36.213502	34.293739	22.116222
	33.031573	60.165252	20.405814	16.690897	12.908447	36.213502	34.129364	22.155301
	33.186688	59.937672	20.405814	16.765651	12.874878	36.304551	34.376449	22.155301
	33.186688	59.937672	20.508851	16.815778	12.874878	36.122856	34.459511	22.273223
	33.421767	60.165252	20.682472	16.891409	12.992935	36.213502	34.626698	22.352415
	33.031573	59.937672	20.508851	16.891409	12.908447	36.122856	34.710828	22.273223
	33.031573	60.394440	20.647556	16.866140	12.959043	36.396007	34.626698	22.155301
	33.186688	60.625254	20.440066	16.866140	12.959043	36.487871	34.626698	22.233801
	33.500777	59.937672	20.929598	17.173331	13.129816	36.953423	35.309972	22.592806
	33.343084	60.857711	20.929598	17.147398	13.199053	36.953423	35.050980	22.472079
	33.500777	60.625254	20.823100	17.069966	13.181693	37.237841	34.965393	22.592806
	33.031573	60.165252	20.543385	16.815778	12.992935	36.765945	34.626698	22.233801
	33.421767	60.394440	20.612737	17.069966	13.112590	36.859473	35.050980	22.633287
	33.031573	60.857711	20.508851	16.866140	13.061112	36.672837	34.710828	22.392186
	33.031573	60.857711	20.543385	16.891409	13.061112	36.765945	34.626698	22.312761
	33.186688	60.394440	20.474411	16.967574	13.044018	36.672837	34.965393	22.472079
	32.877723	60.394440	20.578013	16.967574	13.044018	36.765945	34.965393	22.352415
	33.031573	61.091827	20.543385	16.967574	13.095397	37.047799	34.795319	22.472079
	32.877723	60.165252	20.682472	17.018649	13.044018	36.953423	35.050980	22.472079
	33.031573	60.625254	20.612737	17.095716	13.095397	36.765945	35.309972	22.592806
	32.801268	60.857711	20.682472	17.044278	13.095397	36.953423	35.136937	22.432073
	33.108972	60.625254	20.612737	16.993081	13.095397	37.142604	34.965393	22.432073
